# Created by Octave 4.0.0, Fri Dec 30 17:59:58 2016 IST <chotumotu11@Linux-X555LJ>
# name: O2
# type: matrix
# rows: 1
# columns: 785
 -1.702372097448853 0.4113743648220793 0.8942013358234842 0.320528290624353 0.04105370835803639 0.78393762647301 0.4200206985090117 0.6653196548183706 0.6685049547528564 0.7535908293800755 0.2597119413515309 0.6795973950460094 0.2382825934548023 0.4801108724799231 0.6679459563821346 0.3309453293100694 0.7633017468322326 0.8080754883535431 0.2811366236911895 0.9157578960649795 0.6441732864525738 0.4325236399215845 0.7598529835885065 0.314851356272028 0.5189088373118919 0.7647041897350337 0.9231286918104884 0.5345165367698019 0.09566657112731662 0.3261667187601037 0.3321273218400571 0.06163397360385174 0.7623194776640113 0.266111118560357 0.08050925381908107 0.07062365959574703 0.05875388194346569 0.6497499792486536 0.9650460150421771 0.9029350445112037 0.2463495825480949 0.8247476200244377 0.7728664503379847 0.412322532488988 0.2493383403064505 0.7336666048490927 0.07074902214469544 0.2602006466689555 0.5881452960862887 0.4910557326275116 0.7529736436589453 0.01051721509459929 0.007574638903383102 0.5710966993680626 0.5401745412914483 0.4671577957254906 0.5304768053001502 0.9020553239750719 0.9057143246365773 0.2893467614312509 0.02074872499043179 0.699241608985965 0.114279168647824 0.5739138779203216 0.4925160642106813 0.317461905612789 0.7686143351511776 0.7672488236423529 0.6116846910674455 0.1854180219028853 0.9761594557783964 0.4652513050920461 0.7912623904582701 0.7342592918506726 0.6969862479499616 0.9111938547116717 0.3432951322107967 0.3036404676115944 0.8590465172853122 0.333500678347285 0.2436537680777808 0.07362977403481823 0.2780530707467871 0.3469378932437314 0.09731453077374068 0.7870672697963546 0.7300005104805305 0.878721539801797 0.7905398180680133 0.5683190720532971 0.6546061596115231 0.3325035158625848 0.8417983133309436 0.3095147023337088 0.8017970775943103 -0.04258378881101067 0.7358754494734375 0.3185866174520617 0.1536462087941743 0.5058581160201169 -0.003007156841494396 0.03954753434907109 0.3510763552871226 0.8582062515744423 0.3868753124490134 0.9273833882917571 0.3110665310248311 -0.008170492342055854 0.7002814610168552 0.4746180119829027 0.8885437180475334 0.7189765574683732 0.8911975795879257 0.3958004178397821 0.1321201956011938 0.9707344795095859 0.2070560946968086 0.4623404397172948 0.8112808414998857 0.126852279140113 0.3645384400949553 0.6053280361806047 0.2537583651739925 -0.1505202383378733 0.5214806887780964 0.3062077409058358 0.7377916975147726 0.3466050823406545 0.2172027140448634 0.6112024109371924 0.4280877847187541 0.4636286667501071 0.4148593138912754 0.583440914914905 0.2154928868191781 0.1180284571622368 0.8561724486944852 0.01151395710782598 0.3709266356352865 0.279664160233952 0.6293083127947054 0.2535463763037378 0.6628497550771129 0.8601478388461531 0.249782765484679 0.4055416188943542 -0.02241440901884393 0.8460758294096203 0.0008674544216384935 0.3607140843044211 0.6236715130026673 0.426758541888108 -0.2849917180989562 0.3611620753738045 -0.3195883433266011 0.04816853379126732 -0.377974281469161 0.289653514402981 0.2684779142745922 0.2886986922977363 0.01106408198509701 0.7255810425919343 0.6852204477137245 0.4418738867709114 0.6595420358493945 0.09402701356476348 0.9516974007590493 0.3183345493565033 0.9470995892263876 0.8588349539550748 0.5223444525676059 0.04037123196314775 0.04538352164977922 0.3587114313512124 0.2694228796793653 0.3813902128143358 0.1129194567563419 0.4634822548454994 -0.269977590718341 0.2222003596384649 0.01162569911301771 0.1541742093504851 0.03029137671213833 -0.4319462004559478 0.02482321912572607 -0.2228977375638458 -0.1420203442598965 0.3212457634042802 0.5220370818430901 -0.1448436953321963 0.4361924584488023 0.3523313296610416 0.1515426049351183 0.8578121229298664 0.9513112122309521 0.5563495260852356 0.436795535487262 0.3475895660974886 0.7333824313771 0.5938326528032064 0.7881083984679504 0.7777468219302429 0.003517795452795344 0.5687107834608741 0.1345462987553934 0.07922928469010257 0.1868918369668853 -0.4183515256851444 -0.8085564132275045 -0.6935228994540674 -0.7029645033172227 0.02250628683484612 -0.03291981394336879 -0.2005680320306534 0.4218446821469484 0.6050736180581416 0.2244251668964307 -0.2221295980908353 0.2782516183267432 0.562431321214686 -0.0733191742316515 0.1296594174286592 0.5831212626950847 0.4360289319830025 0.01774837792373088 0.7451853522855415 0.2531774480980202 0.8197125096907267 0.6246880752914049 0.6707877884161713 -0.1955947777023137 0.5492434200036777 -0.1482861741693735 -0.558914601743783 -0.07388367065504217 0.07338816663673338 -0.0702698415612374 -0.8405904613119496 0.06934438778665615 -0.2069258160161044 -0.5556063131181578 0.3098375747453305 0.014685459735132 0.2411246538951952 -0.1630977655592891 0.07942217209727269 0.06749768352376737 -0.3795586674151719 0.2000290911419815 0.2119591725916519 0.1954452167661727 0.8253801320711087 0.098540197094706 0.7247241972914604 0.4397379091928007 0.7370518623508743 0.6745310698170033 0.8213946118466414 0.6851737559962927 -0.03237651602619792 -0.2571712287999956 0.1786053042142391 0.1965832514041612 -0.5493095209349906 -0.3291812292926566 -0.4087149495069487 -0.7970538358344064 -0.63469528452625 -0.3595072953698215 -0.2702442470920872 -0.1458735475361404 0.4813355169221203 0.1254864776325559 0.1379100979550259 -0.227798250915742 -0.04016392282338354 -0.2379856999671099 -0.1049411817460109 0.2143876854034021 0.4624216228608309 0.5631693544244124 0.4516598645943895 0.08238668152474242 0.9480765733699206 0.6222584420463957 0.771350565085541 -0.08352401782819553 0.1725795435369687 0.5326294177758123 -0.002478132981510823 0.2664141488487797 0.1478000907651495 -0.3367634084535445 -0.3886266184922735 0.05703165876006162 0.1042835398723158 -0.3541834652071585 0.4485722265459204 -0.1966766963367491 0.08936185677730864 0.1280849130405953 -0.06997405135458708 0.3143181255623093 0.2468991939691743 0.05745994817074169 -0.2697182466716485 0.4280084798858744 0.1731338497327361 0.06066522087933365 0.06982175999403244 0.4806632843577563 0.4288271356242289 0.5290835065947322 0.2537792104244792 -0.00589788702174509 0.1395757263009983 -0.2324232162097191 -0.001893257888903844 -0.2525083050383216 -0.06799118452453337 -0.4851498116614266 -0.2198540176412677 -0.5142580420295172 -0.01920478802089767 -0.1011041709008174 0.3656192276621245 0.5445145573238188 -0.1590015905369197 0.5854720020679247 -0.04033072039380216 -0.4290972983412101 0.04889090920071888 -0.1301100377920581 -0.01042832305096856 0.04828387556995833 0.4480011771403796 0.7615142527916597 0.3224849360018002 0.5058353657670893 0.4468751683311911 0.7074890923619293 0.2237962196171679 0.7513157860562397 0.1601684824926546 -0.1162250532012321 0.1114801601191509 -0.01025728791705814 -0.02716476509066904 -0.6679891335055198 -0.3580096387973558 -0.6349811916616388 -0.330534469756213 0.4108970868014826 -0.06038041568483418 0.4301409849539298 0.2991678287239432 -0.02188134088293205 0.3004141990412094 -0.278164019896387 -0.06695839210443623 -0.3852766014866418 0.2463979183401437 0.2078419600699478 0.1939243712674555 0.6116654791958859 0.8037838153114315 0.1079993960387333 0.7714903680711563 0.0727621170551105 0.8737666028513308 0.7141735528096068 0.09486979476664757 -0.1282423472488583 -0.4443115838656894 -0.5447331015089451 0.07848718935523247 -0.2314425235830374 -0.6150198381617258 -0.3149293247635482 0.03281521496599919 0.3047086036542203 -0.154773272548253 -0.003346931574221669 0.1635028490454022 0.6709800457204802 -0.3934024148193452 -0.4236210683636817 -0.5360222401753136 -0.1382041791802103 -0.2628508755469293 0.7206194854414046 0.7275513550136231 0.337002820378768 0.5309094646379177 0.2083467059684906 -0.03744234483114719 0.1448070592727233 0.269261111712461 0.1503042371937614 -0.2373603032987923 0.1988800828523204 -0.3519058527317975 0.2044455129521786 -0.1440609018735508 -0.1901948630568931 -0.01042504020978136 