# Created by Octave 4.2.0, Sat Dec 03 22:22:41 2016 GMT <unknown@unknown>
# name: O0
# type: matrix
# rows: 1
# columns: 785
 -6.102435408785605 1 1 1 1 1 1 1 0.9999043749691389 0.9996113961511366 0.9999369281711223 1 1 1 1 1 1 1 1 1 1 1 1 1 1 1 1 1 1 1 1 1 1 1 1 1 0.9932389334994234 0.9758630898185713 0.9608740108693791 0.9469783646580755 0.9407548888501815 0.9174656178307132 0.9277467531621925 0.9688140695943694 0.998453590227819 0.9998601231035358 0.9999088447091388 0.9999788174769303 1 0.999943961266875 0.9998965438772974 1 1 1 1 1 1 1 1 1 1 1 0.9999223248759053 0.9977465985829488 0.916547353886367 0.9090929463225966 0.8886103726605812 0.8581821543480423 0.8209651707692711 0.8351870733739262 0.8916881892802825 0.9317241424792501 0.9446561014084279 0.9496465697254461 0.9386317057984125 0.9528246452351602 0.8904287673434181 0.87756683248539 0.8377848652479467 0.9453857078893613 0.999270609165363 1 1 1 1 1 1 1 1 0.9996681017508179 0.9969992880971226 0.9616886663929999 0.8091642327572008 0.7558361735954305 0.6604597061147207 0.5735107868068775 0.4782519151878774 0.6441708199078974 0.67442540473699 0.5917252631167642 0.5000691307576596 0.4769048029235829 0.6123763388974116 0.4184480434963575 0.2843947715410824 0.2334101020547276 0.3993029601580316 0.5896613132701769 0.9498096681897299 0.9953369822200631 0.9997380768676709 0.9999417683707913 1 1 1 0.9999182840425892 0.9999583162019067 0.9900003618004376 0.7455595988469349 0.5937356412970792 0.4750287644315778 0.1776856174753153 -0.09112497190818571 -0.1842412254274788 -0.09249823779330346 -0.006980302688333238 -0.01125187940889932 -0.1259548366727052 0.2057626565481675 0.1734475922167546 0.328811828378904 0.1824149852273511 0.1186797850703438 -0.3017225769687044 0.1394750315767219 0.1158670882621333 0.6989411276566162 0.9192256700652925 0.9899167044482337 0.9993458366875412 1 1 1 0.9998475973482158 0.9943537881568855 0.8859792846489024 0.4570350502907291 0.2761281695949845 0.1264117462254473 -0.2202150201642185 -0.3345745759801025 -0.05703843240014042 0.008455389449984432 0.3298423820696398 0.3096118077415304 0.5522157793328474 0.5123955211221563 0.4179173681058244 0.3919953464860555 0.2671112687413805 0.2615236937941213 0.2022574685387394 0.2520472058073522 0.07280777043279317 0.5035246302963137 0.753108031200589 0.8214598161310998 0.8681796896030286 0.9920092257743174 1 1 0.9993325988069176 0.969588533831531 0.765416118724538 0.1520426145758935 -0.1594372929110707 -0.3478450243080674 -0.4375283064761826 -0.3563177316499119 -0.2796427176804858 0.08556450341093547 0.4397379365694986 0.6106244430494989 0.4655489114391155 0.4591764664070611 0.4365456037863856 0.4584593695510158 0.125287270212958 0.2698921624188336 -0.2013806038174552 0.3565972008558455 0.2103151316066809 0.1181513950594056 0.3907167796623709 0.6738140913341797 0.8370277367661914 0.9888286706051916 1 0.998705085218602 0.991992602589344 0.867163728107906 0.5084762796951471 -0.1472579251904114 -0.3607934271024523 -0.2331696795676276 -0.7290215065033915 -0.6599945033206933 -0.03096804887149518 0.4571772025652425 0.09131574270429398 -0.2847324310690051 0.4529964738523159 0.6644277601066163 0.8395141481977841 0.495346798669039 0.8512789954497196 0.2316697189391372 -0.3905208920183604 -0.1450890065453406 -0.2255651463675552 -0.09575578626783786 0.1247501786572158 0.5380982529651644 0.8233472543811169 0.9801296692078569 1 0.9932681933822063 0.8827815897490053 0.483844623819227 0.3723082681963998 -0.2780608324183653 -0.4174288721626501 -0.3235391996050451 -0.3433337470406276 -0.4631771964874057 0.1075967811243008 0.1517095675603339 0.275549595503093 0.4075376562445441 0.26906228747819 0.3579549375479084 0.7460761907122929 0.3941967675353112 0.5152212040048332 0.3540110933106452 -0.1438269970804392 -0.1949609970300926 -0.115465470734872 -0.2076101553820561 -0.2252583267607691 0.04936290022065332 0.6713812716448543 0.9605509882786932 1 0.9862909793676194 0.5022967093172107 0.1894322194226791 -0.1625947296590941 -0.5155661671134177 -0.4311428539089877 0.3065976123647388 -0.5520513809260079 -0.04399007329924767 0.1895900026593215 -0.1688224409476826 -0.03172984467698003 0.1125864981702736 -0.04202795226225881 0.1636957566354585 0.128436782291777 0.4235135074206886 0.264571763842446 0.1132648396492743 0.1266752863251341 0.2746917006669691 0.5123037980935062 0.3338373990120717 -0.2883913753298736 -0.1676294904819599 0.5181282290207431 0.972285103768728 1 0.9885708146613703 0.4923107460197482 -0.0776307580563336 -0.07287783790678615 -0.536885487591791 0.0998647078246883 0.4284011263522107 0.1865774806412222 -0.2744606914594656 -0.3240385420599916 -0.1181454154691466 0.1479399526273591 0.231332950087947 0.5854564905680987 0.2934685319100039 0.5224256575376761 1.087344461125214 0.2346665432541386 0.37631125448141 0.7704620701796094 0.3982246225586855 0.3091966337568708 0.849986225003018 -0.4502213997372222 -0.557154356941797 0.3155906744187733 0.9796112743548263 1 0.9915273708358155 0.7485842446645664 -0.3124229365800343 -0.3175119736919246 -0.6390906625791535 0.2402221703437016 -0.0397723389774632 -0.276523000631969 -0.2282163301375089 0.06176215524634217 0.3565502513223179 -0.195485970569295 -0.0595002657624696 0.5052731047289977 -0.001447778731659345 0.3264402948173743 0.5749505001739501 0.202226118449927 0.6751645420143731 0.6945997317464572 0.4358886548757476 -0.1758225698420409 0.6420208092089853 -0.320356906771626 -0.3899731794697211 0.2553497327821712 0.9369074557617519 1 0.9916257390163852 0.7157985928602281 -0.2496776930659182 0.09300293647421908 -0.2982734499146974 0.1933907894192098 -0.02362748528555007 -0.3147815760299078 0.04093968693441082 0.3973744452034744 -0.1560720281748851 0.338988995609192 0.07973059718610681 0.2293983039489625 0.2788157136591142 -0.5821462858040778 -0.4279881791293935 -0.3460529606030254 0.2574121167344602 0.4043930901477038 0.0005920410854289483 -0.1275895356325935 0.6612067415361634 -0.04054419951262717 -0.330244701396055 0.3698245324055025 0.8463172298157976 1 0.9896808270870993 0.6495941554037739 0.09395356255558318 0.4438299649822472 -0.1713356866753643 0.3292194434865536 0.1243241729333853 -0.1536876328293744 0.2843225190807135 -0.1344094363706605 0.007321110477669892 -0.08906055477786907 -0.2779120676258526 0.1984389971970882 -0.4861753652295139 -1.320462127845856 -1.324741515778935 -1.408875691234597 -0.8080525893339767 -0.02133983305680819 -0.3379358469942191 1.058702740354118 0.7122580187882389 -0.3506989223224788 -0.1811106342659669 0.2377291927415645 0.8027289948503726 1 0.9862541844240964 0.6377473436077756 0.1605995578002078 0.1178488434586061 0.3954189039905417 0.3025145458670804 -0.0492541020649981 0.3761543480856462 0.2387724903006006 -0.3281598278849289 -0.4781359057685878 -0.8355366131614017 -1.261330639077191 -1.127538817584531 -1.810362815590779 -1.52596806157831 -0.923652664929025 -0.7620034431022932 -0.4046337301570784 -0.7227835443345169 0.2565196895245107 0.5421309390208513 0.3663359252283206 -0.1790988555987634 -0.3360268996095478 0.2385588832830215 0.8316047545344745 1 1.089009968325908 0.4828525682517968 -0.1660155799738127 0.04487442093406643 0.3833423532365432 0.1438869026931255 0.2541261370399158 0.1641384946430163 -0.08155878819247069 -0.3576655327545615 -0.5634006872949948 -0.8858296183283326 -1.298531136236374 -1.530249281122919 -1.138651112939794 -0.6309391650390719 -0.5143114634563173 -0.04672446996805431 -0.3646598904122069 -0.4729622752640435 0.03743073180906485 0.1689886480337214 0.07994818826536987 -0.1437146925035082 -0.356230650857704 0.3614906304777461 0.9034035502890957 1 1.24596078521285 0.3057368688029036 -0.6061138651583928 -0.5357921717707935 0.5845079867566894 0.1877156706061973 0.06906822783429518 0.5354404166657306 0.4058950241699696 -0.2228446270252845 -0.5648420749622054 -0.7521858837400893 -0.909048038898287 -1.010803471886208 -0.5008294155644818 -0.2237454058173783 -0.5326128432186312 -0.4856591246084992 -0.06502823293038812 -0.5558893577195118 