# Created by Octave 4.0.0, Fri Dec 30 17:21:48 2016 IST <chotumotu11@Linux-X555LJ>
# name: O0
# type: matrix
# rows: 1
# columns: 785
 -1.306601074325811 0.4592941261232927 0.6003128311999421 0.1841886236635246 0.3573888613711488 0.2424575166080364 0.2472917328023915 0.1316624991078378 0.9205328007259456 0.7077987856064252 0.8437305803426809 0.00233858162841362 0.5315103357997408 0.6790222730868307 0.04531456232035354 0.3205923185333897 0.3129434325706439 0.3699926171820916 0.4419660184176658 0.2970680246284835 0.5228751029491919 0.3517512103040194 0.002454146426287392 0.3169480674125727 0.3305522372736949 0.7135733814001121 0.1210630583362668 0.7496994104466532 0.2767628114684734 0.7141967182283817 0.8527728417542462 0.9919179708919126 0.0874351702371237 0.9090415287339599 0.6627332723817033 0.2144185164056722 0.1076307620102211 0.9872613647676125 0.5819127549765842 0.4216628577655919 0.0714506086392221 0.037826320539065 0.3120776582641649 0.2721535251978556 0.9871224016998748 0.254197737294702 0.09159743410182428 0.6357586835918541 0.5201552319452566 0.397382672671977 0.4071361200330039 0.1932733400699886 0.02677867884885703 0.8624455035670715 0.3863178021559336 0.275668536120997 0.1955859260719457 0.7606784879426574 0.4352209324288839 0.9977300676233141 0.2376281829033791 0.4091829974211293 0.8951771947850019 0.8036756763488967 0.6600278314988201 0.8213263592534275 0.5444922806069057 0.3126416954046838 0.84431089306012 0.1279759135884253 0.6961303332192925 0.02898624983858062 0.1774808711072572 0.2149002104840244 0.2233839869145473 0.3986792145744627 0.02584104067454026 0.8464998160296874 0.8283949304692887 0.2435321604517875 0.8133332574946035 0.9643137266341637 0.4401409926526712 0.5234323804376994 0.4669837126868411 0.8177530929664428 0.8427718858143926 0.3639201315702354 0.09000634009519097 0.7973286182026906 0.6635259426819279 0.8676563645863691 0.4426821794219283 0.2891029395743112 0.08625151392359952 0.8101078810935651 0.3067452403724019 0.2436973396061855 0.004669630439506052 0.7632530797176359 0.3606801145309207 0.2835058196511523 0.08870322373889475 0.840788497772603 0.1654929191170624 0.1022302381912218 0.3400954459524697 0.3693668246790737 0.9522694751270786 0.2583655811413767 0.306696597208431 0.9938441959184376 0.907865217193245 0.8854942370243685 0.1086660306671807 0.471203428877338 0.387949558102342 0.7116188383476102 0.5649478858793751 0.7620853061790122 0.1645821258771409 0.4819549969027284 0.6875148049837791 0.0468610792080934 0.77332204055932 0.5831280621423433 0.4681939649971411 0.5626176568401597 0.6961181755665603 0.2048099499698747 0.8858401456477848 0.4420924607905711 0.5884539715520986 0.1691630541646032 0.7331062387505609 0.6106782770415942 0.9528517708424903 0.4866345720227118 0.004591657999146229 0.01185422821802696 0.7842473165565176 0.08566825858309195 0.5281969963096935 0.6274484354813488 0.8398157943481142 -0.01017791136942727 0.2854690704315562 0.7597803152529635 0.8388426943601859 0.1515779225931184 0.3741541310976049 0.1062681052387486 0.5829086571514046 0.6856238058790406 -0.1279979191258283 0.5235102943907741 0.3901711632401144 0.132575401385373 -0.2066104969522739 -0.03593815657602718 0.6791428183351024 0.04368003271690784 0.6651343666508441 -0.1002905772301114 0.1559909691723698 0.796508193380747 0.8864135923321156 0.6908959839456842 0.1262530041657587 0.8980077175196701 0.1508003640632085 0.4518214453971662 0.6194927472943713 0.6545846950962168 0.7919348545110148 0.4708413390458949 0.3036090137766014 -0.01407354079891151 -0.1034312830909032 0.5541075156501966 -0.2793213360906986 0.2901472469667188 0.6106151173409246 -0.3277846839797042 0.1009266054033431 0.5124770239049059 0.2013438078268927 0.2750018684911933 0.6403340884943868 0.2406715412779955 0.6125683620226761 0.2341405278232105 0.4828669756022471 0.4957460862594378 0.3934909755065439 0.9089975021439465 0.3574088112363824 0.9707744223858676 0.0555347749553749 0.7678600113345713 0.6203259413419652 0.01858456436477526 -0.06888162787901717 -0.03818196182753737 0.3893741683802189 -0.3996705764410832 -0.4218197655590094 0.1490266038413827 0.08077833049318567 0.3282635187684348 0.5078805343148989 -0.3907280664483938 0.1432128769476406 -0.2609795983263884 0.3714725128582189 -0.03034687886525498 -0.2060089928803803 0.5893166802212234 -0.2948766152364469 -0.3198127738380846 0.3488761415296376 0.7016916048381728 0.2533710880550973 0.9120234062805475 0.06423084462815334 0.3969339435182308 0.7870255963108955 0.1075295964833272 0.1331096616620608 0.6199661557302242 0.6354407901348254 -0.2611172275752646 -0.4186778902360273 0.06665075113204973 -0.5380131215336568 -0.1915503202879823 -0.08059163591851394 -0.01731197912642899 -0.1515843130678578 0.2906461578168688 -0.2930716765363719 0.3589435112120318 0.1356526548613125 0.3529428262271218 0.2418775915157754 -0.07291267821008397 0.05326569791637464 0.3924553735746 0.4290852844274691 0.7428534521750246 0.8699011296742702 0.3832178766120151 0.1749341107578885 0.2177310410238243 0.4378092458561303 0.5508980128662759 0.03551472635587075 0.179691270333084 0.4539170312005768 0.0379446441337326 -0.14800275600817 -0.5589025247495242 0.03000637095068739 0.2641621790384581 -0.1986363909394137 -0.174572220886681 0.02143667565535334 -0.2470973649071812 0.5869265954198588 0.07351666249236 0.04659984602184476 0.1929310218998803 0.5774249163886783 0.2585080177730205 0.5442759684268739 -0.03178922654585765 0.5524281460076501 0.404316497864122 -0.02424030201007962 0.04573888815728078 0.4247201735383232 0.7261385291998584 0.182966945187468 0.3882987609057101 0.8766348958980885 -0.01261799293881419 0.3828911515248646 -0.1603505086372826 -0.2766184975823021 0.1230755071552453 0.01784912550734784 0.3876255543953042 -0.0028530854599839 0.2448587678941788 0.3690448252638427 -0.3575096071931393 0.4046258317579712 0.1567492465571095 0.236510395028409 -0.3890399504811021 -0.124093516030857 0.1768407367099155 -0.08930419010221359 0.03204006494782897 -0.003509631711871147 0.3212846211654045 0.01167213384326289 0.5404636737337059 0.07220055054888898 0.4763618900243963 0.2206165584078624 0.3060610187872021 0.0006817175744266307 -0.183536781102202 -0.2603666960946296 -0.2683603020122387 0.005968119956457618 0.1719336669075178 0.1449720280530402 0.3393236719955038 -0.2653736783045982 0.5164919482815021 0.3819313542516096 0.3438413032397117 -0.09658511807530472 -0.4576554534218686 0.04297168936337882 -0.392187571919067 -0.3826355528859899 -0.02715756351401029 0.09357629729980013 -0.3676251769996265 0.2144371157469507 0.1876643570521274 0.5500470530615286 0.4515123767026414 0.9875661305559621 0.3544441479449127 0.5304239841073386 0.3209335087366784 0.1121132651422043 0.1263536055862955 -0.01934840475206928 -0.4233866869621525 -0.4954753750273412 0.2959780702062149 -0.1762846181436922 0.04812535129515313 -0.0225384125123072 -0.1409755596731453 -0.1550114494964466 -0.2210782933360219 -0.8033013839909318 -0.3922078042041434 -0.5365333774318927 0.07968713353255291 -0.4079973460925126 0.1507956895014733 0.1825447154337621 -0.2259950184682474 0.2488905205485934 0.09292060024576182 0.6855990678683599 0.5210607671305084 0.7675468125714817 0.4948018853974417 0.940103249366665 0.1632792844956837 0.5124656746826581 0.4113818875514075 0.2871747731119408 -0.3513168106835127 -0.4862635420117342 -0.4947656939533536 -0.273568607800562 0.2667013875249654 -0.1916682231950005 -0.3620316925710929 -0.2890299757646058 -0.7472562714914742 -0.7209190194707014 -0.06797123389175894 -0.2105249940512333 -0.2760520630381103 -0.3726604191751942 -0.2813561058156578 0.1913334596592999 0.3289249948284493 -0.3364506801583216 0.2444338278706478 0.3742954979926322 0.8939013392526149 0.8315426175117061 0.6189292114529221 0.9391016471673898 0.8737945412047911 0.1912131377883199 -0.2047861934682601 0.2258597258107483 -0.09121480763349835 0.2256545003619037 -0.223785564195664 0.05982486882132586 -0.3013052850829232 -0.4100186495497093 -0.734979132363191 -0.3189587123330724 