# Created by Octave 4.2.0, Sun Dec 04 12:51:19 2016 GMT <unknown@unknown>
# name: O4
# type: matrix
# rows: 1
# columns: 785
 -2.739398205576309 1 1 1 1 1 1 1 0.99567842749618 0.9824378649313524 0.9971496011145125 1 1 1 1 1 1 1 1 1 1 1 1 1 1 1 1 1 1 1 1 1 1 1 1 1 0.9804289798881839 0.9429275457696235 0.9423967701767434 0.9571637341483382 0.9853898273928096 0.9932638786182139 0.9990432298651594 1.000000647278347 1.000000032096521 0.9998937292890937 0.9999184896306053 0.9999807996314604 1 0.9999491003631844 0.999906031439928 1 1 1 1 1 1 1 1 1 1 1 0.9993492441112766 0.9887495081588644 0.9670100375728173 0.8955199938226116 0.8311006219521313 0.6039984524060921 0.7122012084954958 0.8688092992113163 0.7593007029577994 0.9599504172651043 0.9990099859629663 0.9821688805090889 0.9958168030030423 0.9130435158317843 0.8170692749954479 0.8870134847445817 0.9183775970463051 0.9963165744910524 0.9990724928921624 1 1 1 1 1 1 1 1 0.9960696838905846 0.9845925857030725 0.9279243896913281 0.8253315354034891 0.5270937483262572 0.4100849844226859 0.03387163536937285 0.004473102852696659 0.1887520248558061 0.4981832624411439 0.6604489918167938 0.5683084480118139 0.3315817454539862 0.4256569367034266 0.3601744969081126 0.3695396016738316 0.5837905540430215 0.7050783234949348 0.8684179899876736 0.7221151569951961 0.8474761994118178 0.9997146668703765 0.9989556730908769 1 1 1 0.9999123186659017 0.999773542350639 1.024544272252844 1.067691468049541 1.112360492774854 0.6994715393005069 0.3886275859354053 0.2882224868199951 -0.3888311369391107 -0.5606800110520768 -0.05538457507664384 0.6734332442494483 0.7793289281010908 0.4252501645315145 -0.4476580072079298 -0.512468608616128 -0.7359629306497 -0.3049425552925306 0.07909463195558804 0.3835321588190649 0.6135621546097785 0.591642880786765 0.7284021795914252 0.9709704483366368 0.9852317701559967 1 1 1 0.9984024605257262 0.9699136255416745 0.8798427591106582 0.8345928265404814 0.717383002127054 0.3429073576412391 0.01202445159430849 -0.0827176274760863 -0.7231375358005818 -0.7183941208198398 -0.174100591195113 -0.1845816338584776 0.1499524222748203 -0.04268404047807904 0.3212521100372431 -0.2207385851393898 0.01866003874957668 -0.2781615669712234 -0.56684070888889 -0.4406437942507833 0.1048389568788557 0.3338289609408484 0.6200208460364596 0.8849812674077304 0.9342772343916621 0.997071078883394 1 1 0.9926352801306396 0.9208054444338942 0.4018765304769247 -0.03216329648873335 0.08543685872848872 -0.1375217946549897 -0.01912909425672555 -0.06245119643385382 -0.2172807887350739 -0.4247591839325774 -0.2684814936276747 -0.09549853109139274 0.5300522466268119 0.3890837203823912 -0.01909108658006256 -0.1907422294106533 0.3757378946430233 0.1972322219638037 -0.6113183200989315 -0.9663619773120757 -0.6361171569937256 -0.2004136002266978 0.534669123327341 0.527264053493075 0.6851687109010012 0.9775149851472934 1 0.9947240600963123 0.9740130044995016 0.5934898094095373 0.1644489492542322 -0.2075840988070835 -0.1601565360737821 -0.4196826319986006 -0.04511600164419374 0.09764081459832423 -0.03139849665880622 0.111425941360066 -0.2043595030572568 0.4855308557265622 0.5858560363009542 0.4726994228874052 0.5736666419226824 0.5412221840983366 -0.1642497572093942 -0.4587683024532823 -0.8423595647226446 -1.118066340508386 -0.7146650633853804 -0.3045839914771613 -0.0006030951068773382 0.05871423725416272 0.4803162551368875 0.7770555161672852 1 0.9554410658931966 0.7650396463573655 0.3059760610416056 0.114989544901471 -0.1586394339458525 0.1342289851968128 0.1844383354977749 -0.2827846645740426 -0.3135457395702607 -0.3270506310906558 0.1278355958770618 0.3649092376687098 0.958383420876571 -0.3153874070342153 0.02947745208681133 0.6751022038264909 0.8540213017490207 -0.3841041637906676 -1.161832621625937 -1.160364438743393 -0.6605355040482002 -0.5677041404775638 -0.1429577542403 -0.06906857542491761 0.08992213987756051 0.3602394076119491 0.8794986345799375 1 0.9127298355030348 0.7029065272247688 0.1376603093426617 -0.2016973860720699 -0.09887789479098702 -0.135510638322512 -0.04017075776529466 -0.2489432229188044 -0.4491548715114777 -0.5734068968655801 -0.4707153441094051 0.5379620668876569 0.5569172052149828 0.1756425913349694 0.6762686787497502 0.2546955863080438 0.1170281002253352 -0.001036113703203061 -0.5192400505375788 -0.646399252127014 -0.4138470715338528 -0.1537673418168831 0.02440312787805969 0.03244120564258382 -0.3213898859531367 0.1632242059014692 0.9942360795246996 1 0.8876750348982021 0.2880615006633988 -0.4308579295748777 -0.4798085103658715 -0.0009135701530288508 0.002873953596550048 -0.3584929977199215 -0.2988640245835582 0.2014784933690651 -0.1280606358062679 0.09761412514169858 0.3322393484727151 0.4475838878253498 -0.08277781914033683 0.055382527778978 0.1418644571424822 -0.3270824239032168 -0.5760625832941859 -0.3171683775249131 -0.8412435052346469 -0.2590004298928505 -0.2518186724388579 -0.3824894105573506 -0.2316811392968254 -0.06675098202371486 -0.005411282343370764 0.981845022992399 1 0.6589013541734177 0.269011103409088 -0.6288880058447089 -0.375250379055385 -0.1729695625111632 -0.02673926935717221 -0.1689486963211458 -0.03881049389093622 -0.08777264143451169 -0.3245945736284874 0.3181593352963294 0.7442881184780391 0.8690794312455637 0.8134230178183692 0.3251103998210285 0.09711830466782759 -0.3714785269971722 -0.5680500387280444 -0.4589467906416189 -0.3683485814021447 -0.3666770080007389 -0.1604001615628783 -0.2686882173100984 0.06336507630853794 -0.02989616242800745 -0.1122021578440001 0.8918183880415019 1 0.7530308689785354 0.2471743096986101 -0.4290998275990037 -0.3859892889039618 0.06660291668910394 -0.1941892726475214 -0.5992214401934352 -0.8716935821121354 -0.372526297608504 -0.2275575538359253 0.4448848696699353 0.6286611036332369 0.3307239770726294 0.5580989488415161 0.2894983653059808 0.2914294135424453 0.1642405611490604 0.2971960529029571 -0.04711919933117099 -0.2949648791004434 -0.6732475667192118 -0.6062047351439289 -0.1686034016558697 0.03161372223711913 -0.4128644978225492 -0.1494337523070028 0.7829073162116941 1 0.7245301674137755 0.1218679961392408 -0.9448009637682148 -0.6468198900000374 -1.025827077493934 -0.4081582784581616 -0.2004991036825038 -0.3768401327440115 -0.4079798287124701 -0.5575400074921878 -0.3050091842962135 0.06591070746242703 -0.5818511998038461 -0.4211068740494681 -0.2581982082971321 -0.273244310768441 0.5747971804769464 0.8522132903932882 0.1683120558297929 -0.6434922088079671 -0.2146242238025383 0.2360808365672636 -0.1456231731016054 -0.3922372417189208 -0.4715252771490861 -0.179241830544409 0.7943818259249902 1 0.8428400504170438 -0.09640483419921485 -0.9365352516075635 -0.520917951020248 0.08366206993074862 -0.08749372344569709 -0.7542438419390209 -0.8033123314282808 -1.09311961206233 -1.248000837572475 -1.322484314777424 -0.1820947120361197 0.1552172467961467 -0.3318637184664799 0.2349105972651424 0.2712558283951144 0.7169409490541738 0.478930430041968 -0.1664179226940875 -0.5400034309007742 0.1602981588815698 -0.433290627343863 -0.3664102350473881 0.1530631936992152 -0.007800514284249246 -0.2503596124729571 0.7624534532695341 1 0.6536169499091176 -0.0336815290416014 -0.8991246400459206 -0.3967438154807385 -0.2353999668604289 -0.7870465590574177 -1.356634885409014 -0.516267138843007 -0.4459620147769927 -0.2453187164317409 0.4649558031231446 0.3485027412150651 0.03673581906938003 0.03307973402380209 0.773876541593199 0.1892500402184203 0.2588705600380719 0.3843499084158324 0.275434626548501 0.1003898026437795 -0.07976833261715092 0.02351786267124078 -0.2401762663369943 -0.3056661077669825 0.1080383769173189 -0.06527498770055574 0.8890671496519349 1 0.626624278511309 0.04859579445891207 -0.7846805024103056 -0.6913452432815977 0.5265911918788306 -0.02735220667715865 -0.6859969474631828 -0.4238933752032983 -0.005757595396840498 -0.3621165826145067 0.4607988455910013 0.1350558773510356 -0.02347942236733608 0.6562289591456557 0.5627555109554265 0.4445332723118177 0.7665900443564205 