# Created by Octave 4.2.0, Sun Dec 04 13:14:09 2016 GMT <unknown@unknown>
# name: O3
# type: matrix
# rows: 1
# columns: 785
 -5.429961393766975 1 1 1 1 1 1 1 0.9817778321511773 0.9259482115080567 0.9879811233337723 1 1 1 1 1 1 1 1 1 1 1 1 1 1 1 1 1 1 1 1 1 1 1 1 1 0.9416427816351611 0.489936169180449 0.5390936715598639 0.7757789038451661 0.884682224728945 0.8038048654568806 0.7241102794468295 0.8722021980141694 0.9936629189097939 1.012243440262525 1.031423680409149 1.007797872800673 1 1.001017460879864 1.001878389316689 1 1 1 1 1 1 1 1 1 1 1 0.9987999612673794 1.11650284017992 0.7129732281860183 0.2184501121042326 0.1922586581772599 0.4110776958734084 0.436168774863974 0.5764531569318075 0.646814630982751 0.7242309127598247 0.806576102365267 1.015466508468501 1.0592868048394 1.017297999287923 0.5050643973305501 0.6353436357190774 0.7354688988156703 0.6984986317715686 1.00141982984093 1 1 1 1 1 1 1 1 1.020457999108981 1.010714988127768 1.085964031713967 0.5828656664588264 0.2295793386554323 0.3054430516941217 0.06307277098062149 0.1973881338122345 0.5584941751179252 0.6194319869909817 0.474967988257661 0.3447371918554412 0.5187985248433798 0.7543541425755969 0.9423673954524018 0.4771861734381203 0.675975777192025 0.7122112946177287 0.532410638562387 1.019004472420863 1.353385487205642 0.9934380763717403 0.9959293168414058 1 1 1 0.9999189677998435 0.9997133271112479 1.05589666053368 0.6214636053873439 0.5377417426747976 0.3797180536759779 0.6442692551199597 0.2319692952183717 -0.2302662599644582 -0.1906706715750586 0.1163267766693227 0.6524514047707776 0.1240306168706863 -0.1262981112725451 0.1602839956807741 0.530117056098782 0.9110828961818731 0.8039754779338435 -0.02849617889713018 0.1685641606060189 0.2402653026028376 1.02356282343422 1.262153901846042 0.963852056987779 0.928031938887617 1 1 1 0.9999241441686043 0.8704861161500436 0.6040293102687477 0.1716325667786582 0.3819231291995835 0.008597561434138513 -0.08007173982312409 -0.02766846414813169 -0.2321859808894711 -0.2909184014072406 -0.2016239081226353 0.3873996238047183 -0.366564540751312 -0.2450775213679419 0.03068337289771077 0.4927389061350643 0.6276033113731949 0.6669882050108473 0.8474822647345139 -0.09005463627937461 -0.07659890449257056 0.292628756085458 0.6986219896405079 1.066499035067402 0.8847516333459033 0.9981797391378665 1 1 0.9996871697554787 0.6440980785152559 0.3039754379264815 -0.05612558681842443 0.5297396260822634 0.1068870663985933 0.2353953398078314 -0.2286865961932762 0.1090222523110522 -0.1803773251204812 -0.602252005488213 -0.308595116071638 -0.5619730612131274 -1.187565002172228 -0.4034224407000357 0.08169269006910926 -0.03390968388300539 -0.3873414503356057 0.2711425645566899 0.08070314622658149 0.3231084251648838 0.502073199393859 0.8085889002241144 0.8538228313429875 0.7175730933539417 0.9969594679074109 1 0.99933726257348 0.9820760696921287 0.4804637710742964 0.1852809228420899 0.2066854786963589 0.07773848729258383 0.2733006044934913 -0.08310236638950465 -0.1417239858125016 0.02112064809026227 -0.1357171110061784 -0.2334513928190811 -0.2787726423736676 -0.1560176269021667 -0.6037063431216715 -0.4332909835297829 -0.05681543580197576 -0.09807967562208511 -0.01031657857742298 -0.0969447085642645 -0.1250517222784797 0.1931936610419809 0.5216501099585877 0.9490081429752458 0.9084720203732046 0.5459266380935738 0.9869368668508686 1 0.9974866795316739 0.8290070151289856 0.4132586266549901 0.2780845118173318 -0.107528591566431 0.1297153942858469 0.07097552723762636 -0.4833623765186795 -0.04093699931426031 -0.6761040390691022 -0.598958457022951 -0.4393987458415094 -0.3702104516340964 0.3399401585440622 -0.4756441859087474 -0.8352484610387869 -0.5089723752144695 0.1354856165371984 0.3111246938085824 0.5141545580168564 -0.1911364860448398 0.1279838545015986 -0.2772838661515994 0.7138468767383548 0.7627010349922707 0.3454120278580297 0.9675029213011036 1 0.9240658676246799 0.6229412015449662 0.1985443210650432 0.09365255695532194 -0.5032945481460867 0.4738806898353137 0.1568405537190347 -0.5472468793525153 0.02543598703674172 -0.426003160227916 0.13050005374192 -0.190863444640506 -0.3500188985117038 0.5124669166769881 0.006317214838517016 -0.2913316419172224 -0.5910213001819755 -0.2919451427457701 -0.6794949933398691 0.1571232068642739 -0.3147982577711426 0.1481491014596183 0.3139535609514052 0.3555345202802922 0.484460524355361 0.2624655399249305 0.959443697707464 1 0.8617927552162169 0.5204383186969918 0.1155181530353224 0.494720636709248 0.1022022294210344 0.7481198784494206 -0.4511625763977292 0.01865598824092635 -0.05281765239293149 -0.6819205911787755 -0.4820056685873493 -0.4324407049492556 0.2798549559183292 -0.6532865673555273 -0.3113895837593427 -0.4265832602220618 -1.080600102544781 -0.7182031124357688 -0.2545288231849597 -0.2866730856158487 0.01528008075919024 -0.01688336208073174 0.01738975942918786 -0.1836355487711512 0.3811667257039782 0.3523693196892745 0.9412820037417993 1 0.8021335455160645 0.4384909610275943 -0.179123844733237 -0.04681743370617905 -0.1584667973267513 0.3853694680729837 -0.4998936668242105 0.1399216607277573 -0.8792022307179647 -0.6799944493512958 -0.4997589916541813 -0.4326173560749588 -0.1357871223431662 0.1088996900550536 0.4905576065566186 -0.03573561085189329 -0.9841520744235563 -0.8726394860260094 -0.7545538178585892 -0.04677139162073867 -0.1311451425597029 0.4778954577977363 0.4609273606637357 0.1309710903698103 0.0812039776049234 0.2391101138586814 0.9270536697771182 1 0.7970386221104463 0.3601298380613112 0.1639300764514137 0.1768390455373139 0.02259723425384084 0.01809979142771411 0.1175285225437141 0.3395492583491458 -0.1310145425724373 -0.1901035889435289 0.1087581118729833 0.6696920459906034 0.2625833988203871 -0.1159736106212683 0.3191361217269106 0.5802764161496903 -0.1925541046361124 -0.4927429012247932 -0.2628074472316904 -0.1961754762324441 -0.3983138766373178 0.293523978688795 -0.04940657786268858 0.2120872063017827 0.1398887717867188 -0.1120930483747752 0.8763821570962633 1 0.8977121935751942 0.2100288765505391 0.3023915834569721 0.1059115053279151 0.4914052228748926 0.7480017687633036 -0.4037107490629623 0.2901202719683235 -0.135304718806046 -0.01674792843074121 -0.3110795523086728 0.6902058795069244 -0.1349594643343693 0.1178407327628571 -0.1071029282536227 -0.01633276058288208 -0.8754041287483584 -0.9707407893667829 0.04109558847259994 0.05399953970351671 -0.39502477557884 -0.02767599597655221 0.1240625278647376 0.380893223069938 0.5079810900738396 -0.3044319419358484 0.8766383491220747 1 0.9816909875622956 0.4536675890773504 0.3035264622701009 0.1590052874941091 -0.3499617909912209 -0.2613904759816079 0.4442439566182416 0.08598641106935051 0.03269691380343021 -0.3329012178768883 1.150368096899034 -0.01274368559788051 0.4211702773757175 0.2197178662234182 0.05612737016854636 0.1954199194103383 -1.094168553886717 -0.8776652392333505 0.04380555014385275 0.5902906684830164 -0.08828298607134305 -0.2637457423295477 0.1396693645443543 0.2234718118976823 -0.2269635536850751 -0.2582841585011639 0.8379538402229424 1 0.9975820555163366 0.7608401442557954 -0.2588669912021263 0.3631163853089904 -0.3008489666504121 0.2654135384441171 -0.2293447688349208 0.0364223243426816 0.3332475419790321 0.272279646073645 0.3852786051468519 0.00158221263455642 0.4438041149827608 0.3952265349047249 0.384500862776075 -0.5110120988501642 -0.2706418969407986 -0.3659088293201955 -0.04385017470421451 0.06618683506694986 0.121959508909037 0.2372165445369884 -0.2032092111256567 -0.01421371876597832 -0.09206428922582241 0.1061394721975061 0.8055288420225594 1 0.9937747458748166 0.8360558202847157 0.1449155311800688 0.1372041571365995 0.3825802669308858 0.2614900042506215 -0.1440497135954111 0.3300379405823402 0.4239058544822308 0.4047387951352213 0.2879085789673251 0.1807619351495383 0.4193059780958032 0.05099848250808078 0.2255026328377461 -0.5752457967137826 0.4655062612013383 0.3201697404908667 -0.1872569519373158 0.05659468599446591 