# Created by Octave 4.0.0, Fri Dec 30 18:37:54 2016 IST <chotumotu11@Linux-X555LJ>
# name: O5
# type: matrix
# rows: 1
# columns: 785
 -0.8958205870522241 0.7943466524799192 0.2450521692405698 0.2398480540581722 0.02679390533666697 0.4501535552498179 0.3142565853503282 0.8257953522201068 0.651882926627022 0.8286357554359085 0.669556381985554 0.7979148244403542 0.9580325503732028 0.2174416295777667 0.1424768045807649 0.8086115868804519 0.9577058679958457 0.04899214153461283 0.877021755078868 0.8242242550002803 0.2486976823761948 0.5242321789120742 0.1606940458706375 0.8307355670384089 0.9910481162538134 0.7759901891621898 0.03324703921189547 0.7244505333352451 0.4836742396308922 0.5783721746227708 0.2080438037860566 0.7365270271772033 0.6272953200541929 0.4487119831460197 0.8436387177620988 0.2326219119250618 0.1513113690571483 0.2295782261613796 0.5138608622232512 0.373182713533652 0.4838070475257927 0.1264748943147419 0.8459643959593395 0.2224906206363651 0.8956321131794943 0.2280828771069005 0.9210954694917254 0.919216426023009 0.3455033416693006 0.1257093311645602 0.9284710819898413 0.7958518574023087 0.1386634398142446 0.9222579734214452 0.5935736898283077 0.03351198806987958 0.06685996498691719 0.5066541641504138 0.5141376330809435 0.977103951368829 0.07724479271943506 0.5216520221118555 0.8711765909775512 0.7665598562719129 0.3224134463206216 0.723970349991942 0.4037773541236108 0.14436606047145 0.1148416035577361 0.09390455480440357 0.2200233389707928 0.4513117672404701 0.8283967877572138 0.02719388218932608 0.07903800900769564 0.001292245453097455 0.1925247887825003 0.750378485641368 0.006453632233557739 0.04844898843552475 0.7050485704076851 0.432091426967002 0.2722907545226131 0.1816845919722443 0.5278698696005231 0.899633936953496 0.5304337846846521 0.221571439467912 0.5252822629766405 0.5072015579348164 0.413713580239454 0.6346924000442348 0.8853638365524495 0.4211388418083453 0.7746292708825566 0.7531423100291157 0.4611350340643271 0.6524134195564149 0.5742325498616925 0.0804336414334082 0.6388256649331102 0.684437426362015 0.9512600526277958 0.8868670893328935 0.3407807168639558 0.5063182761442625 0.9381289371866188 0.4988031356896361 0.4842507436106537 0.8100850258855097 0.2376657323714639 0.6014483780776958 0.100337471260183 0.3012006354944033 0.275363678164179 0.5426331006804495 0.2065252769353363 0.6388007926101965 0.2095711420355993 0.6885412144429087 0.1515208171747784 0.7519363570768595 -0.1562432618430996 -0.1409509148610749 0.7065644459753788 0.7161185888552835 0.1563700663847455 0.6501574680868402 -0.04706075957261294 0.6558298141517466 0.213181351790188 0.4246288488341912 -0.175340094220891 0.4615611283672377 -0.01815281378719198 0.5852229839666133 -0.007946958450818128 0.06618241652452887 0.418527697342211 0.6081884072129293 0.04354649245563941 0.09645871873661775 0.6364851197597364 0.6104978366554853 0.4859433263516147 0.05622178818557325 0.6552699464502761 0.6327127015768056 0.258944353310321 0.4428000169480876 -0.3095578765580669 -0.2596693851230676 0.4353521885684937 0.516021236835295 0.3078949594022382 0.1108963455430492 0.2606702869993047 -0.2000300473360459 -0.1738093230366193 -0.007576530489499648 -0.2038063610173631 -0.1444433039232998 -0.1549554746097422 0.03268228169444229 0.5273434980537788 0.3975202745939828 0.8741598145372911 0.008178050250454445 0.6488461054383723 0.2867390396952431 0.2986849977137284 0.5452124419625932 0.437176627429327 0.02590266260058975 0.3933795980007706 -0.1413989796865471 -0.2008827776925288 0.1633249001644298 -0.1589501611479346 -0.02003045954770578 0.2283117110154295 0.2534647118631174 -0.5831227978782231 -0.01732840628204341 0.02062693719911566 -0.1265221598700082 -0.125210870402812 0.3837757093598046 -0.2913489927221122 0.2589709429783847 0.3540749418319975 -0.3032186714116745 -0.01353183505709298 0.8018779440010111 0.4262072055108108 0.976428965325937 0.5517729159347809 0.3040855333556178 0.02614391411345937 0.1468113653013546 0.4143151563905402 0.03373046814994963 -0.1818886507200831 -0.09167698263016745 0.3461364750771269 -0.2718209313385621 0.1670331622705368 -0.602657593271645 0.201884496921905 0.2536126595406766 -0.1301573681271474 -0.06360106858620682 -0.3848258399785324 -0.1939330714626789 -0.1561235110681542 -0.02675075299003203 -0.3140609525745731 0.3488437449355545 -0.3114370378102645 0.1379268431028514 -0.2100195482069438 0.3089513437779635 0.4692670814150446 0.6359285266666039 0.9622411703086934 0.2260556008341242 0.3514692647531709 0.5794611397167888 0.4469010479404424 0.7768411939651781 -0.09158728857013812 0.2285507287750936 -0.2817808738148874 -0.348996695599445 0.3805378081527014 -0.4836446396133791 0.1032565946223986 0.2790156509532845 0.0346501966319454 -0.06656306864449496 -0.5481743594187193 -0.6356493432448159 -0.1979503099243414 -0.05545960273413017 0.1777079224256905 0.511785554112113 -0.05029626169288432 0.3938260368282754 0.1178760614100126 0.2174107208161303 0.3793573225130331 0.3553402421800941 0.9298383554007058 0.4283966979864948 0.8994049628559621 0.218109456133416 0.3983353301390511 0.6860862867457489 0.3735088342043097 0.2432546588837577 -0.04338861031523504 -0.3736701289238316 0.4341368914548779 -0.1290801725036373 0.01583551777089477 -0.04513604365113606 -0.04430486347018312 0.1693942903953079 -0.190740040684805 0.306207079787911 -0.21307610717704 -0.5612459615364943 -0.3601014696596437 -0.4053714994135594 0.544052732023213 -0.2314716985582039 0.1012217952431475 0.4104073614117664 0.4870601434370617 0.7112966238827473 0.7493155734187774 0.1706803792245193 0.04410441013072033 0.7521868419200808 0.308557676070219 0.5776358184028274 0.3077533726151597 0.006794056402997185 -0.3139409954227225 0.4849782340377284 -0.01379528260643713 0.2542329308571417 0.03481241950189157 0.8140835964624621 0.26554704026663 0.3173540570741089 -0.1716841793202058 0.06703209077667857 -0.009794348017630711 -0.1912503578005128 -0.01516543831919562 0.4048484936604151 0.1580586464750808 -0.09583908152702506 -0.3560518053613173 0.4401944942116061 0.6703879852373669 0.8295586243780461 0.9638954909062907 0.1464915145854996 0.09290342711500774 -0.01458092423442375 0.1661284985628076 -0.01256632504894351 0.010928815865127 0.2071158723119875 0.1287882007673393 0.2227644787148432 0.08099255859031579 0.4976090154097282 0.0005312423373520677 0.7101925285378444 0.0894658293812633 0.539517226169829 0.2231148072542107 -0.2674199685675167 -0.2283351222360982 -0.05355256226628103 0.2136867993500044 0.2691116855277746 0.294489142231337 0.3246517562103822 0.487072024122022 0.317174675811175 0.1965068892002826 0.665423196884962 0.884673296009004 0.5646515677193282 0.5775918608937176 0.1330864555719955 0.05049652728442645 -0.1801030687747727 -0.1615425066608826 -0.1869376365075986 -0.2714713449725471 0.1146290570273406 0.1181319742898379 -0.02782749094498257 0.03006020878365724 -0.01888663926800431 0.3937248322132082 0.1762820959454268 0.06854895246969796 -0.1109950679387786 -0.3474810842127326 -0.5717011244005785 -0.1208679250664241 -0.02308307998686349 -0.1967356191495362 0.1712770580091292 -0.04074820610115085 0.1024518601270468 0.3347470272290548 0.5285848955889613 0.9211521611473735 0.8865265723422939 0.4618855498298162 0.3986555744801524 0.2631954331904718 -0.2065199093573082 -0.405008171860161 -0.1351586448218541 0.2755666803077734 -0.08450370212281155 0.007597268963575945 0.2079885120632856 0.6342702244245207 0.2519190128791847 0.3832238769272479 0.01465974148247967 -0.3650305005750292 -0.3583526420939415 -0.5399277657567714 -0.2719719512892094 0.2877259303706814 -0.3952047545157667 -0.284468628080872 -0.1743778522617279 0.4035342495102004 0.1859677829590802 0.2337684357609701 0.2450502463880838 0.1696223692293485 0.799830955242556 0.8077524016729787 0.8528015036707086 -0.06872130154460852 -0.3020584787900314 0.1026031067123604 -0.2928308854409405 -0.5003682125550982 0.08865821121272405 -0.4124730227711056 -0.2293217978513311 0.449807892371183 0.196655816570582 -0.1839638446391514 