# Created by Octave 4.2.0, Sun Dec 04 12:31:41 2016 GMT <unknown@unknown>
# name: O5
# type: matrix
# rows: 1
# columns: 785
 -0.5055458937454104 1 1 1 1 1 1 1 0.9982514716249616 0.9928942783056824 0.998846715327088 1 1 1 1 1 1 1 1 1 1 1 1 1 1 1 1 1 1 1 1 1 1 1 1 1 0.9840009587824593 0.9380002517681613 0.8452994270525047 0.7065901340046221 0.8107821972726748 0.8501620599550493 0.9480477047437148 0.9842088865112338 0.9992169695790659 0.9998660301700147 0.9997464465808135 0.9999375647309506 1 0.9998507073666898 0.9997243828308122 1 1 1 1 1 1 1 1 1 1 1 0.9999045430834715 0.9900036669176585 0.9552069453087683 0.8778578688682407 0.6461842624942891 0.4948864493308102 0.5803024058391211 0.7081736724320692 0.8216268912472785 0.9584161571393511 0.9259667198904425 0.8334138160637588 0.7889956780666991 0.8505309289174984 1.137443284367653 0.9872006421183326 0.7956455326653873 0.8214919236886707 0.9694341968148327 1 1 1 1 1 1 1 1 0.9921511592002284 0.9117060889566417 0.6788123851273882 0.3871955764307302 0.08475360565467996 -0.02793984264885664 0.2623656835998772 0.1886354380678298 0.3599925667295502 0.5961331928322873 0.8731544224182224 0.7647344151826647 0.593124282538951 0.3180486766270548 0.07923301207565542 0.2426328586862667 0.3110690613736921 0.2186997916133072 0.2793139261532237 0.7360332612341632 0.960599552029072 0.9928865678661595 0.9998010942750675 1 1 1 0.9998173200345326 0.999366395993162 0.9366118214990189 0.5178165246767754 0.2619588961421044 -0.2587029906351641 -0.7037974365614561 -0.493315127198379 -0.02126525715149364 -0.003181809300674852 0.08774905516076263 0.4266267713949827 0.428459682677033 0.1940676608406317 0.3191663750416166 0.1920050383643251 -0.01209560069955808 0.05373380387556184 -0.1690244755163621 -0.2537935286649731 0.04996409936700346 0.5059788327875404 0.7715392349995872 0.9217243460792476 0.9984302434749271 1 1 1 0.9996161722140569 0.9725848918213019 0.7791850999112557 -0.05837524617685626 -0.3111285327504533 -0.5948652863945882 -0.2919801045560754 -0.1766799876031247 -0.1740502887747529 -0.2845560779277702 -0.2709502943550677 -0.1942214288692619 -0.5297172336744653 -0.4218051150610339 -0.2232170396736909 0.3231568234989847 0.2156723719224615 -0.7253109433258947 0.02597786772176625 0.3062045550597892 -0.01131891251002462 0.3043703237825843 0.4979794441532533 0.705592208424954 0.9361893245855056 0.9977629175503078 1 1 0.998308052474347 0.8669449044986053 0.4589463737750223 -0.7386835251660349 -0.6635909787317649 -0.3603283724985528 -0.1758801604874782 -0.1414829247508847 0.144500687663335 0.2589727267673692 0.5018415676583647 0.349714150787623 -0.2436531166453747 -0.6161113569877917 -0.7554526389730384 0.8020869105978787 1.220696926171857 0.2073089048402923 -0.1580885780291713 0.4697523738526524 -0.1294919684345402 -0.04697537283390548 -0.1345463462662377 0.3938034095076767 0.8616250097143353 0.9960657730710802 1 0.9990668034622816 0.99381647737683 0.7859409191646984 0.05438383211196709 -0.9062059523265846 -0.4019804109457092 -0.6137448068233634 -0.4946798838306127 -0.6885070444640461 -0.2106652404650493 -0.008558427160476232 0.3100208500659523 0.2138780880191032 -0.3094092118052366 -0.6276793603729974 -1.25580979612029 0.1646265929969596 0.3261003674972572 0.1366422261253592 0.2408981246637429 -0.1411862630260924 0.3210228694396373 -0.2333542689579352 -0.5048116483643197 0.1684621497580084 0.7862174663566545 0.9183614902611177 1 0.9948486808737722 0.8887115889730062 0.564565110389771 0.03490268527974941 -0.1094775635628602 0.1802261995626431 0.2060779669583532 0.5902091992606241 0.255552158232848 0.2663311336843441 0.3278284787044207 0.2653835902600111 0.1119469763910677 -0.4360557032994979 -0.07969302404577552 -1.084586307522557 -0.1047073209784149 -0.5018492639180501 0.1256669959814822 0.4227143246590495 0.5218261298872308 -0.5998763068896714 0.15513437011033 -0.2175305512971211 -0.08009924580222449 0.3675829105241432 0.845637888704921 1 0.9412373585328493 0.6526510602391691 0.2191550215285273 -0.56395543012747 -0.2309129895223971 0.3234817107586839 -0.1672884344744416 0.4756700864345769 0.05530071076503148 0.2694584610476147 0.4210860508713448 -0.09500494538832846 0.125267032520705 0.4144343584112806 0.093377379941027 -0.1537647467119093 -1.022522819793031 -1.303198362455619 0.2478420943354766 0.8702914685749155 0.3901467636132463 -0.1919400084437035 0.3533548296553812 0.1720685526036344 -0.1203457948595009 0.2583769579249714 0.933501126042928 1 0.9002026292748792 0.4690949013915898 -0.08589107236957683 -0.6486117708714808 -0.303557844329206 -0.3554040245469207 0.05764126360215438 -0.4578969166169801 -0.1888131412204963 0.6067911480563918 0.2640140254702792 -0.0603286061001805 -0.4164955918540545 0.7911829143234518 0.107365771459897 0.3470321868338984 -0.6471057960647419 -1.106437428658686 0.1424286714059901 0.01002021342663183 -0.3355060432591594 -0.1710651540215257 -0.09202152736624886 0.4020708649896839 -0.08892503287350872 0.3943279407746762 0.9192454545592561 1 0.8595602124357484 0.481731416480405 -0.2920831563233705 -0.2635151983634668 -0.001456370788069529 -0.002335998017195705 0.2813623126605776 0.3921165612379804 0.3937263928377647 0.3457152482324313 0.9434700720973775 0.3332253690842155 0.7428995736844211 -0.08233182309908964 -0.1376984151480199 0.2965172096651272 -0.2642014140809787 -0.7691638059913263 0.3228355932926342 0.2659384476782343 0.6733782604917197 0.4967043804222184 0.04572622600074371 0.2765834602637665 -0.2077815604304347 0.4374843685121507 0.8578923024394582 1 0.8563039463404613 0.403055039497912 -0.105676367961236 -0.0306740756585931 -0.398426326513109 0.4145218794331706 0.151527570138043 -0.02662581299960906 -0.05649709318583037 0.2591938235483933 -0.07457259210642979 0.4024733349595058 0.6375571669004713 0.4607978205451151 0.01419070173963327 -0.1549847107482866 -0.9757458487936539 -0.1153439136513328 -0.03343675902667973 -0.8462709204349202 0.00190982096128752 0.4450937619108705 0.06330005372696823 0.2805729987197262 -0.06518122948692417 0.3267230221418078 0.7592370536456681 1 0.9215256108029545 0.3031658951106091 -0.222543945851437 -0.3383349925349557 -0.2229180005058091 -0.416470217053977 -0.1279487179535399 -0.3598726080843535 -0.252148163170009 0.8435495262199691 0.1914035555681947 0.4632569858572517 -0.2288551593876594 0.2325042459204838 -0.3449998215946166 0.07058795227360681 -0.6104814925119845 0.2584885594380564 0.06777427566788723 0.132438001869467 0.02912539971954824 0.1422527178014211 -0.1852796956891242 -0.2918293687730425 -0.07231971119174231 0.3615006524744541 0.7518512279938088 1 0.9778244161156343 0.1789539927097354 -0.3281335615089256 -0.09103428465268078 -0.006998210994059582 -0.1669510841669703 0.08298523190810939 -0.2831529829598868 -0.3142394188021216 0.4321891636561991 -0.6171561667831482 -0.03514517879889793 -0.3275594076420841 -0.1600627041173784 -0.0971849191925051 -0.3808447032314804 -0.5642283166928904 -0.06696162139474708 -0.1053534889409792 -0.2634852686009356 0.09136072483522867 0.2165457468590756 0.534140425744698 0.1897761755609174 -0.1329216985206452 0.1550749436699911 0.7017034682670276 1 0.9825806577355313 0.181210109514472 -0.2627404948491851 0.2933810150446314 -0.6166680548329492 0.07928673955492346 -0.04362186088409862 -0.5101031399303031 -0.6241198636154802 -0.01823518889892568 -0.4370645341918291 -0.01888458076823972 -0.2132304370071285 -0.3068364369720338 -0.203724428999905 -0.3685034567359515 -0.09033926251650713 0.09807104526691716 0.1896120977591659 -0.2081395002534046 -0.3416379463646749 -0.001966234766345521 0.1733563913515007 0.04286945366063191 0.1358904687452167 0.244906340907481 0.7330783124617418 1 0.9944390908418596 0.1343688289683774 -0.4585686071443135 -0.1327168675206475 0.02522212086886731 -0.0367215009930906 -0.2582920270082111 -0.3527473017190002 -0.5111930509197213 -0.468386458747261 0.0727275048343077 -0.05481436220881521 -0.8648630518690605 -0.08712358379367992 -0.4954213696562654 -0.6649233097690833 0.6709011409075134 