# Created by Octave 4.0.0, Fri Dec 30 17:44:47 2016 IST <chotumotu11@Linux-X555LJ>
# name: O
# type: matrix
# rows: 1
# columns: 785
 -1.33940449136947 0.2684633866035741 0.8938772166583218 0.4239337835845018 0.7025162160347659 0.6985768403424631 0.1431688708693044 0.1919119703946253 0.8330818880418995 0.9669978264765444 0.8666292358874536 0.4199416869150793 0.8298500704969147 0.77960459591369 0.2924127382175838 0.790509206468182 0.3498778894436593 0.909307911883753 0.1308394921370069 0.4476622112531135 0.07509650051342742 0.6421853793032154 0.7599722007012826 0.09034810163625985 0.2447927866887542 0.8867679954446074 0.2034293611441311 0.9405397724661704 0.5579432569255866 0.6209943945563693 0.1477734287187474 0.8866324235530552 0.2583179576971174 0.5174263144040191 0.5530889692012839 0.8049646364588069 0.3839020823784359 0.6080124553312521 0.8333038761181935 0.4073736951920648 0.2928331136134892 0.2413734985211939 0.4764752365999021 0.1667113528610982 0.6496358255766782 0.2377891104695298 0.6823805544626937 0.2620339236288683 0.3834392248850838 0.7466186188210433 0.3555043935718956 0.3877070300429991 0.422478444884871 0.6342034024470219 0.9827990401811494 0.04003199428413455 0.1270174223460585 0.7643281521178646 0.1763966702950437 0.3410738422901332 0.9159891575278234 0.3823076046179908 0.691390799422548 0.0329004271282019 0.1740464825066919 0.5275829240975685 0.8768760848257524 0.6948273931159966 0.499554520615187 0.8440563231474257 0.03944557172520346 0.870714982467803 0.6668457471893152 0.9691298202916633 0.172441166310444 0.9145714341989417 0.6891634149532951 0.8248319275506469 0.12584333610297 0.01306879472898781 0.0368500841874539 0.05683371933690428 0.00921530591608345 0.609090735926501 0.9047228481395365 0.5835055997786681 0.7214652355823182 0.7641480867656093 0.5177058149338368 0.7919060321817062 0.002564423592390346 0.8320801731423483 0.1675104088117761 0.8667036375508745 0.7729271518221462 0.5677133907873015 0.1819472962745992 0.5089109863046714 0.7853337945922967 0.6190761545631615 0.1031673706355515 0.1147769575938015 0.1409027309309808 0.278627247707923 0.293382803094565 0.7712333591876723 0.02522924978286504 0.6422126977549217 0.5513551207316232 0.3365186519381801 0.9025899979757633 0.930930705294421 0.6443737652489308 0.2583739265553369 0.5726315147943394 0.9665614245708184 0.04179675221644672 0.2185373181251081 0.7066585299014352 0.2661663447461707 0.9459691592300403 0.05867604346192904 0.02998348632275859 0.009817039678696618 0.2853337968860521 0.1059218779330318 0.7176497756419925 0.4976446271812514 0.0680841181721562 0.6129392991357039 0.8734587148697023 0.4566877258737359 0.8352782435219517 0.3853390007841874 0.4882808049535033 0.07944480068271399 0.2052282686109048 0.1075269461077379 0.2074126798707873 0.5217181135544046 0.5266631784029143 0.1893558180840818 0.3491990632981016 0.8296069108222015 0.2598967454294698 0.2747813220542857 0.7394805767309246 -0.05936390591967733 0.001958538666697607 0.7622044222175937 -0.01256240808735889 0.594545789487681 0.009037340624435165 0.2655401578265149 0.2902952355993941 0.122438227670463 -0.1759615240803072 0.3724364484964212 -0.1857835222317823 0.3140138421360699 0.6107062376708743 0.6007515540621524 -0.1320011120277464 0.2618697220005784 0.4419928029481771 0.06543277646169424 0.1588696364899159 0.2911099859087902 0.2467467449271443 0.02805773070449351 0.4087125962670773 0.08755482909935784 0.3020092800238075 0.412422127359581 0.5693127603167959 0.2436989202284983 0.7308014796562516 -0.1048857542748356 0.5096848629567204 0.5427300301138871 0.2455914493285925 0.1555772390094509 0.224099982726067 0.4063600912875198 -0.08462530419576503 -0.2203229852932141 0.1470973616587041 -0.3058848648540884 -0.0247644050287937 -0.2716272512772271 -0.2807812430389849 0.4993159338980206 0.005403913643595914 0.6067789073682177 0.3694948276781567 0.9423518273706324 0.5776475375385688 0.9050798461791747 0.6111131927351255 0.3652695895846677 0.4519246117292087 0.568611518289305 -0.01610200003712759 -0.09810736704342229 -0.04092985176970934 0.4957471657114997 -0.2292228628154835 0.4355069061512163 -0.4148921560133706 0.2635596850965337 -0.555762179721898 -0.01923785567120337 0.1961969036029067 0.1419069540525366 0.2923877682926596 -0.3437578917149539 0.2444555204855607 -0.3242469474600542 0.2374641801978244 0.203865413609103 0.3000251331459513 0.2327838477288777 0.3641354229601002 0.8231488755556742 0.7609986194707316 0.7507163081556163 0.8737515578231649 0.6569787797001231 0.5077823391351199 0.2711833830800726 0.5899389555410766 0.5469670772302979 0.4691319357388791 0.15928594296736 0.2113960037591972 -0.02338343020695218 -0.5414916755060628 0.3026216924956016 -0.548340345887411 -0.4889054882761715 -0.6166142912873915 -0.07060433168466455 -0.3035939869697429 -0.5985841087320508 -0.2839716804429411 -0.4610838284805854 -0.07226243029513636 -0.4858301776082978 0.290319206955347 0.8054270701750671 0.5241947776701112 0.6869902552945736 0.04574360914873857 0.1789180474290044 0.9242044770756314 0.4897569909658565 0.5678488103420026 0.437557923373131 0.1261042210443719 0.1990952526126403 -0.2505199504705025 -0.2172938497804808 -0.3084795127475656 -0.7128605286784395 0.2184134629821234 -0.3105059342100181 -0.4697362483681905 0.1470386523791515 0.09726374457688877 -0.04987698013631344 0.1944844659475473 -0.2415537658796169 0.01134542617224197 0.1753586698240059 0.05416214376984297 0.1552792586312311 0.1997894170770169 0.42364983993561 0.6272899285323259 0.1307477062607472 0.2088589400139699 0.76846394364007 0.1424794598418424 0.7754068285707093 0.0393214244978987 0.3666364246001483 -0.2764940767855768 0.03377550828366888 -0.202011849759256 -0.1368628004014174 -0.04897673806252404 0.1758418853109267 -0.6144205500476932 -0.6044879542370666 -0.002403528068063117 -0.6768508182915862 -0.266120458333088 -0.2105690735916683 -0.4380085620313754 -0.006002939076301767 -0.392462884227257 -0.5341220050524625 -0.2436726025500888 -0.438980571191998 0.2989551012359655 -0.04825786773283477 -0.02734051106926077 0.5827111654642314 0.4488871371083131 0.03341432995053388 0.5458511804624565 0.2590889744855424 0.2665452720152822 0.2626459374719477 -0.3187175361668379 -0.09460340622734929 -0.04997991957125649 -0.4474424686022693 -0.8058326095253078 -0.349256357557926 0.08097880610326057 -0.3633749532119758 -0.3414101193635073 -0.2891400017269515 -0.4448365990430018 0.3261637810365897 0.08067525424467442 -0.3102939011750979 -0.1416417731396321 -0.4152023830197884 0.2751313664907845 -0.5484237356090426 0.006193532432064406 0.2641101836223888 0.6264911725636142 0.5315030048443671 0.6434994553416974 0.5593747460281087 0.2775781032687307 0.5642065215973745 0.05666061108489651 0.0941915892084652 0.1150965765429186 -0.1154127695030507 -0.5744584791704971 0.05729084730263569 0.1014410335072901 -0.5655337599483344 -0.264632563692983 0.1978552808862801 0.0429907292115496 -0.02315645959919638 0.00316347095069737 0.04063596709844076 0.2722833042766344 0.4149866708201047 -0.2380051259517171 -0.04413694489165897 -0.4767407992497374 -0.2787379692426351 -0.0677117570596016 0.2429624944566239 0.373039940240233 0.5844495449936821 0.6335332156123143 0.5781488976801117 0.2405565308388471 0.5144902557020415 0.4535778327397429 -0.07086287395487879 0.3815295866385122 -0.4068323502162308 0.09901413138733091 -0.5795964805813679 -0.3496780240403327 -0.1162563188923477 0.07861886499646689 0.4753314120052273 -0.02921152972059692 0.4247474703752122 -0.1279253671593699 0.2209144590933616 0.005893567388699778 0.3857075600223262 0.6809499529205795 -0.3932280427093335 -0.3372328477364996 0.008435162956830554 -0.06855216970423762 0.4235420714584154 0.814860776488475 0.2817627406395832 0.3253966140937377 0.72963453581578 0.5613931804649024 0.5471461482509907 0.5173942260781808 0.2461693733801359 0.453228711563567 0.3067860092116996 -0.4420318681492216 0.2567117519360119 -0.1150763925483598 0.6336472354847014 0.4097633904282334 0.07926377601924298 0.4480614070753094 