# Created by Octave 4.0.0, Fri Dec 30 18:43:21 2016 IST <chotumotu11@Linux-X555LJ>
# name: O6
# type: matrix
# rows: 1
# columns: 785
 -1.282848552315021 0.2753065743981136 0.7524655948209626 0.8144362645690014 0.4565787203325037 0.5691821377611482 0.1046371761961245 0.9177085738018932 0.8923163085278519 0.7476278806217524 0.2497894765873767 0.4878478539634886 0.6414124693647603 0.4595427696603198 0.861688112497462 0.2711709728156429 0.7446381873096026 0.2366821456274538 0.03095423550608394 0.5667613033301 0.7004446797565129 0.9484208552981306 0.8015131341219854 0.1148323158882823 0.1178366396332526 0.03935568729459897 0.69364732569912 0.7402980375342295 0.8871907609725795 0.1484388976219428 0.144409888746398 0.002063196251491472 0.8904140929640447 0.1778585587331531 0.5977346000906444 0.2378021042216665 0.1929414004778168 0.940750241754968 0.8918270439388717 0.3779559977189438 0.8699203246960721 0.8882619607244753 0.3660006055089656 0.8232414808236157 0.7806744747542135 0.03350595831298177 0.2970497623822833 0.6340454346909367 0.4814456477253526 0.8635791739820623 0.8927652347284173 0.4946216489733578 0.4324664028991465 0.165875283257885 0.6275354971075088 0.8004011334672222 0.4013724920843898 0.1742755639135606 0.5134623692554443 0.5472980283598878 0.1932214683002683 0.4666873967384524 0.2143033097947641 0.502248411749735 0.6350388502177658 0.4583408563326726 0.7444834767709558 0.7755605885418954 0.7901955938920904 0.5159731384450646 0.07481308262475111 0.5458973234549116 0.7162055426985343 0.200573180145363 0.2372212506945974 0.118621185081112 0.3957061157615345 0.5795956749365614 0.9356108423563313 0.09350257019608683 0.9045585599354636 0.4855463941486374 0.796811058005454 0.2309164326291474 0.04702147209036571 0.812358810872489 0.6634205748263521 0.1472054913678111 0.3661753074845596 0.2348968302879491 0.6637660328474779 0.342079563420963 0.7270348300730528 0.8101388329538608 0.906311618638916 0.3742979072301483 0.9032057353717109 0.9101941382034878 0.1642452148189139 0.06728737248741665 0.1870310987473827 0.1620625195683327 0.3140212893115273 0.5750953205239355 0.8332111641591955 0.2598227507813942 0.3968455775016786 0.1789329097524125 0.7538243359545255 0.4669331417241417 0.4551165320036402 0.962328056520951 0.4611535034967704 0.7749235205572318 0.3398000999004172 0.7464481016907557 0.7187919269291452 0.7238868075334814 0.9678573185935055 0.6205210732368595 0.562881029832736 0.2386398629322906 0.8296548374325047 0.03327143708115412 0.7999046862631506 0.1734539802637971 0.2832977780545523 0.5481586807222368 0.7995485751822093 0.07239424187237786 -0.04385592105806888 0.3411398028109139 0.6080995752308272 -0.07474075850331602 0.2223845265140504 0.4387568064419699 0.9033321492713955 0.0284273150270066 0.3161365433499363 0.4218187673783094 0.8585796945670662 0.585270179626957 0.6959489985093448 0.9484246428437251 0.1608771243001172 0.3428507988364941 0.9614068315963746 0.6074774972379389 0.3578153642756243 0.6961743473923856 -0.1743325082196838 0.3087285575774077 -0.1339886506391184 -0.1520218354010549 0.02230681268968306 0.6169660187264654 -0.1675261737515944 -0.02318688830768025 -0.07246505235764258 0.09622842470359241 0.3871601227087731 0.1120981352529051 -0.2212920882177734 0.1739726447507531 0.2044970141384239 -0.0122472757456162 0.6177082743597988 0.4139906407871694 0.4197200720441783 0.5217708784516684 0.7906191850119776 0.5987737686660508 0.4456723963376478 0.7465884734033496 0.3332939379035533 0.6201428719309992 0.1465243464666315 0.3372238709177937 0.09154066634917844 0.5347047259858353 0.1230022859353423 0.1227837823829122 -0.3895990856075442 -0.1074978566883375 0.07562394651100468 0.5040789196795733 -0.4189340466567207 0.2294686779667528 -0.009330083871840181 -0.2243022729988008 0.07640858845093412 -0.1810995596372175 0.3425002556096142 0.9164398311679757 0.4153254620885206 0.8734295927496454 0.7030168582441734 0.7277510694104256 0.8864489535860269 0.7040730115939228 0.3313418238596581 0.5670789388067652 -0.002412502733801794 -0.1417645469590985 0.4848775922018267 0.4795441235623886 0.0135973766111501 0.3052578634640776 0.01456252268556851 -0.1757340920448025 0.01069056945010687 0.04892894360242205 -0.09480818294661018 0.3056595860776363 -0.2309938852967448 0.07390271636589081 -0.2000311088073636 -0.2040943427466781 -0.1235142368047455 -0.03265481431040425 0.5404812750334919 -0.08188533486245075 0.8720105276805847 0.2143352063830839 0.6201484771744901 0.8648471745127644 0.0618670768294959 0.3399448732440434 0.4032105058955235 0.4538935816576741 -0.1270308919735248 0.4601520322101156 0.1903570305141426 0.253882468157547 0.02254755791787339 0.1181414684112701 0.2591966430168022 0.2926761569796164 -0.1978132148013511 -0.03190492137935796 0.00890149628058075 -0.179078205600275 -0.04062024138686016 0.1078019181736799 0.0002865828145033839 -0.5828654516744906 0.1774366353014022 0.107424198965908 -0.05576630696317007 0.173369870618849 0.5316347724294174 0.7290935934199355 0.9440620944558064 0.01861118745071537 0.5825612277502851 0.8320810053619362 0.8844963218773387 0.06605092566421056 0.5473266505778283 -0.04203088455129361 0.1352191450893724 -0.359221089208114 0.06280524509855322 -0.498468778955987 -0.1760978242762138 -0.06413811283978237 -0.05802772231726717 -0.2124883773391875 0.5392776882299948 0.3759552094149518 0.6193862403214969 -0.08897791378049624 -0.02393300006736679 -0.3378727075846747 -0.5242174001679999 -0.5730842603722852 0.1315249358304488 0.224651933143363 0.234908232877021 0.7436295538732024 0.955021996703627 0.1638269374298587 0.3256736848635792 0.4002617348526595 0.7247405686890347 0.587831564551993 0.2152432790599866 -0.5642497071818241 0.2359859783757009 0.1960955103371785 -0.6670414189166655 -0.2745611440957866 -0.1716698210167078 0.4079117643347469 0.4627272245595599 0.1158059034644273 0.5967031152527956 -0.1753724700398902 0.04852094216701275 -0.1185628505482115 0.3089372919727746 0.5855131349407434 0.3312782941427527 -0.1063875954212408 -0.2762067995245652 0.3064598232750157 0.3095908308661323 0.9202504979048414 0.7869990619653685 0.8006507436623755 0.8439994000926809 0.06443677675208068 0.7757524451826939 0.4873094888585587 -0.4015101242789155 0.005884720330194542 -0.7024058282622442 0.1067854020921808 0.1341549151306808 -0.01224378624859134 0.170636532822237 -0.1374628452325966 0.3679478795540665 0.04196365362022616 0.4850157333138219 0.07099956145333505 -0.08285496229138069 0.4287639369333765 0.5907686588426383 -0.03336373261470347 -0.2375968108958322 -0.7942512959576926 0.1871958157870384 0.003981484973505279 0.08996204986086533 0.4728214121969428 -0.0003185507402567078 0.1428225822180913 0.3982080737087273 0.4697469053258082 0.2534022330702725 0.09123625047157879 -0.1738858597448505 0.06543331291803575 0.03473123553991709 0.2631180970900032 0.1181914748088622 -0.01811338429135199 0.6237835510600872 0.3645987174619426 0.5500763637074647 -0.3496185830064296 0.2808888883003924 0.3229261517238902 0.2963720127345925 0.3303152834733135 -0.1497828290042054 0.1329928815595084 -0.2109840004834507 0.03985645318356321 -0.18913293118243 -0.2760410123381156 0.2959512536058173 0.622112490942157 0.7181187320308131 0.2724928209173613 0.2042412683484731 0.9664098359685409 0.7355984058090036 0.03115733924645544 0.1170209009147059 0.09260796986004485 -0.2438423711278643 0.1695953573823341 -0.4570204607659599 0.1628198080405772 -0.04709475544066589 0.1462829106486956 -0.1401950685472058 -0.2716102382637799 -0.01836014595731692 0.2214982899851152 -0.1233938452144142 0.3451573161645908 -0.06768259950979556 0.5518799106952867 -0.2988380600529633 -0.1195709610662968 -0.1265621655230177 -0.2629399665805434 0.5672243152643056 0.4012259862796686 0.9906422497311179 0.2089587291436752 0.4923325512855067 0.45633767240632 0.04573259753698091 0.08286031431545191 -0.3024751514406238 0.09310535750451496 -0.6791643659662546 -0.4753677021626719 -0.3016780646671251 -0.2433372332018459 0.2149362431043436 0.09201080297119513 -0.6398536105342317 