# Created by Octave 4.0.0, Fri Dec 30 18:05:34 2016 IST <chotumotu11@Linux-X555LJ>
# name: O3
# type: matrix
# rows: 1
# columns: 785
 -1.593417118313334 0.2975239844858561 0.6142924228575236 0.8894606612117478 0.9966595894172787 0.6989547441295473 0.1455611830272142 0.3314876936131259 0.1390280930017684 0.8567729936759473 0.9670974392401556 0.001912780954227488 0.9180043714742632 0.7612147340836622 0.1885184689668183 0.09791791955534401 0.3371472033462664 0.06428374518152474 0.2750379365020522 0.5539934899780086 0.6835862186038197 0.7016369002549628 0.8012283409265879 0.7311848842966586 0.06381909200588524 0.9888113916840487 0.9036471316813428 0.6156889370928865 0.7715664552141491 0.9789863595951042 0.4657486107638834 0.6590152209425549 0.1770996002265414 0.7846138841564626 0.130326414594345 0.1892798068208888 0.2861933552896471 0.7990248654608381 0.8993888356042514 0.1926526307870717 0.3141858155629807 0.7874959402643726 0.2926937572202769 0.5535094897088296 0.05650246943213697 0.934595618670944 0.07202164228648415 0.7286719451998784 0.6473219129613885 0.613529905620506 0.7833952997632841 0.8150936424811266 0.3398514293486851 0.9480379989829022 0.6567506734630693 0.7742408844788313 0.4150297702474631 0.1852663082810616 0.2370651848475421 0.2780939853909002 0.8351893152418794 0.9005625519205001 0.1716467261253612 0.8936451408638083 0.9777262766891438 0.8466239523149661 0.3064287348746705 0.7293388411944717 0.8584381850025571 0.96620743916507 0.6278427436588508 0.6025270730076369 0.4196506279868716 0.5905724548419229 0.4146875125304815 0.5769263325740526 0.414185895319893 0.4536062215889041 0.1494549965237481 0.6171347755081572 0.5032362250323938 0.857628094078701 0.7631549469597441 0.05169301401589603 0.6070392475806822 0.5260386910357149 0.2863746562564715 0.8230179934538775 0.8289692390550608 0.2517854164422292 0.8667926840491753 0.4967633208537121 0.01431560795342107 0.8271143028581676 0.5476768395476347 0.1824063210831689 0.3555873417396289 0.8146376087028162 0.3974420929268448 0.2029735403675454 0.4267280268427253 0.5715985875179541 0.7644043831117417 0.5337901048978954 0.6706675316407055 0.2107469400797426 0.3719933134716498 0.09529919397008475 0.8161553626970975 0.5719181451905699 0.1908427679806176 0.05792920379637308 0.9364862013818348 0.6802695177089183 0.8819710493616645 0.6159170995925352 0.3246832663462796 0.921734936047329 0.3067853181856176 0.9505875550216433 -0.00439718286791047 0.6294978689366183 0.7566281648132965 0.08789569816982569 0.06164772281585738 0.6775715724936966 0.6785410566744231 0.6561413489682661 0.49653694600083 0.2742013476867558 0.7649237108349416 0.7063575046094497 0.7458543357302255 0.281820255830735 0.1330390016764867 0.7505581342660667 0.8734045019222866 0.372667113410378 0.9720021321781296 0.8586103094127638 0.5646440451154441 0.629086200500781 0.1096998956989909 0.8930790583677015 0.4131807105012661 -0.005171152171133407 0.9033763254296346 0.7475311702083167 0.5155072018009171 0.840820784143384 0.3476009352700157 0.5559257621450941 0.1911214934232995 0.2650397200497701 0.5792504936100213 -0.05785064215533161 -0.2334082940827011 -0.1846879848240338 -0.2774475698277714 -0.02547686382050981 0.03518723213762076 0.1182622296160984 0.397112247959402 0.3939354659012614 0.5430466583378916 0.3138673440020857 0.7236034952693862 0.6325077110965751 0.743295953005587 0.545903329468778 0.02461467564417299 0.1933694565081789 0.502164088100457 0.4622125249763507 0.9122074827784403 0.02134103507507665 0.4175971340482514 0.3727420669723518 -0.01096701000477668 -0.1391204594405464 0.01738647410563812 -0.2604499348044283 -0.3434977515273873 0.4114488519872281 -0.02810776983106315 -0.4377597598405216 -0.1714704739267715 0.3408533552041205 0.2200814251908662 0.3828044089225068 -0.0456555864651344 0.3483199862899546 0.08509476040759584 0.6135709321879217 0.7276525445989951 0.7825991288203785 0.7208674616405339 0.03381543772345312 0.5535613288102237 0.7879760406100357 0.4025826856941392 0.1722040467713709 0.2469407213955652 0.03003330065742175 0.2120914165097623 -0.01801472158202535 -0.02237599629934604 -0.1088254757574767 -0.1859130362931397 -0.0223673518633841 -0.2976880715992626 -0.5953601021611263 -0.5591110815317063 0.005388154495263423 0.1582645341359336 0.04045306829851022 0.00255483644583352 0.1306285404392169 0.2321881326221488 0.2369738567876068 0.6035723613149437 0.3830326252201146 0.7067774242763142 0.2463595031008631 0.8834387758283198 0.7240347224945274 0.7198000241289388 0.1955509032232373 0.8814384656618299 0.3597222924202511 0.5435343843905467 0.253996810224251 0.2816859637321156 -0.0370092310084021 0.1428090872950387 -0.1584581219103999 -0.2002001696241232 0.03620508317438619 -0.7034142639837979 -0.0339580409437981 -0.3899654212846911 -0.5888745989335995 0.1850051155042262 -0.4896829745170385 0.08086155845028488 0.3014529278933576 0.2998452461536109 0.2500125944236012 0.2089172271988262 0.8798153089188587 0.1248336222901134 0.2023625939650006 0.6008274513944262 0.8206861150075763 0.7899530795185715 0.5953788028760646 0.4750667230105127 -0.008566910248302705 0.4874682829463372 0.6623554677805565 0.4648338625702917 -0.1075671777115962 -0.2695780752043189 0.07454203876008836 -0.6182831193985308 0.06210187535708344 -0.03799945797626052 -0.5368816187827079 -0.1981649046410326 0.2631396793604346 -0.5209001384005038 0.03842653703696244 -0.3295668966652544 -0.4818545473778999 -0.3166852236909798 0.5478324484418106 0.3415660644760184 0.2554507103732097 0.2637488590538828 0.7632774447147684 0.4573427992560729 0.4213895461630323 0.6344928871794903 0.2740436187004914 0.0285864839945114 0.222908319336965 0.2793762347703675 -0.0216962930296924 -0.1894685608059997 0.2824225658928163 -0.6591958828594647 -0.3944046825876081 -0.5101393236969358 -0.5147421047590797 -0.2991152030907084 -0.3001941683719864 -0.5588726646413745 -0.09345627978806308 0.09519256144934432 0.2467775697360707 -0.4455243677140581 -0.1553098360876116 0.2044618242788429 -0.1098581700580484 0.6658231647860465 0.0270864089010648 0.06630897174854339 0.5753283375892988 0.4971582923576343 0.3291674930913578 0.266170300980377 0.8150825258932624 0.8643581475004235 -0.05161732727576615 0.4389810274479478 -0.3781956987794677 0.4635547174691265 -0.561374345973407 -0.1968514342858082 -0.6382702156748243 -0.5208064758624688 -0.02987367807938812 0.4306709133210167 0.5042036345109296 -0.4311403918948656 -0.09953291752749596 -0.6547016134924482 -0.485538624438059 0.252079202079562 -0.3567136518606591 0.1500582389138246 0.02887816110877633 0.2013318467163235 -0.07094732173985541 0.05351024695425692 0.5933311494897667 0.4851916083994021 0.35520713457615 0.6847950123430629 0.303876750236626 0.1282528569556921 0.1784689444838092 0.3667663753002785 0.2104768278928725 -0.2146639055463307 -0.102990129750447 0.2101861578079131 -0.2805372943478324 -0.2256454435997723 0.5254266941130691 0.06299537511010661 0.6103378446959845 -0.05412945314225553 -0.119575716974093 -0.0220177131026935 -0.6564514077458704 0.05174256114442653 -0.5918590277812759 -0.3528221184013157 0.03627812885840689 -0.1862119152539342 0.636421775337534 0.745807733077023 0.6923502574683167 0.5549741120568682 0.4187868063322917 0.3611139319871498 0.09338363542902983 -0.06363294574434593 0.3748743787960279 -0.04551304472225443 -0.3354887857519654 -0.3737889005146347 -0.4366458545581286 -0.5226060366222218 0.3936273780167776 -0.3157244329186558 0.5434610340495316 0.1610926979951352 0.489440307896119 -0.3197882094754907 -0.40619745934193 -0.5316167030611609 -0.1617316602742068 -0.5666772098714788 -0.2033852501610512 -0.4863941287650672 0.1317162131488903 0.06977182826519165 -0.009228819409610086 0.5139678230361833 0.6757363318312344 0.2182893985484857 0.4915193438135215 0.09240691317929463 0.3204703519210081 0.03738865423854585 0.1549209688773662 -0.08380477498313402 0.395869329633977 -0.3698012192692344 -0.7162353897717787 0.2563144184294999 0.3188059021304192 0.2136857201077062 0.7288643954995517 -0.2524281310062568 