# Created by Octave 4.2.0, Sun Dec 04 11:27:18 2016 GMT <unknown@unknown>
# name: O8
# type: matrix
# rows: 1
# columns: 785
 -7.798909070809377 1 1 1 1 1 1 1 0.9856749482486088 0.9417854279890885 0.9905515616107913 1 1 1 1 1 1 1 1 1 1 1 1 1 1 1 1 1 1 1 1 1 1 1 1 1 0.9327469602056822 0.837270650514616 0.845905636704691 0.892491949469808 0.9249382827706331 0.9303182052394329 0.9781997566549262 0.9938726132284028 0.9996961626394195 0.9998548433145754 0.9998818970700665 0.9999720584276959 1 0.9999059628758271 0.9998263930015481 1 1 1 1 1 1 1 1 1 1 1 0.9989443622915483 0.9840808999445191 0.9271327244283195 0.7486758023020874 0.4381600283036112 0.3292476094005976 0.345264795519293 0.6686061975948056 0.8710066236213387 0.9826215058160722 0.9432759779233435 0.912701942802596 0.9106467870008509 0.8710284183181389 0.8241358728387207 0.7228405240009912 0.738980151184511 0.8895249161541414 0.9989063474355456 1 1 1 1 1 1 1 1 0.9982301147111057 0.8608617023449853 0.7086607993635208 0.5990879409500877 0.3867513242249212 0.06462085437773489 -0.130252501683283 -0.2583726816761736 0.1462958500271835 0.3553375926780414 0.4609457839543554 0.4678565920979983 0.3899015505125478 0.4430561302117381 0.2610330930831553 0.1552457619229574 -0.008270980830150862 0.07200783591534739 0.4586891485180976 0.58554480753287 0.5507351385986843 0.9917553040921535 0.992126955819173 1 1 1 0.9999217902825188 0.9997201179595454 0.9845795946643255 0.6867034820242012 0.3841631125350368 0.09626218303651066 -0.3339740451741406 -0.2781599521964551 0.01767377004298308 -0.01545129914997719 0.4773728667545514 -0.03752645547176656 -0.1339354123647698 0.06436696167993972 0.0272328340244959 -0.11460139796631 -0.3782290139963467 -0.2399579100501666 -0.5830072446160375 -0.6524878598533795 -0.1438863805843587 -0.1454512315933869 -0.1540167609168042 0.7979581264214985 0.9303157994237814 1 1 1 0.9993389800469614 0.9774082282583495 0.6642078561877075 0.05756932132882985 -0.24909426089192 -0.2964671646581938 -0.8424843726131739 -0.4853260804641299 -0.04460550449209473 -0.05959827597606863 0.3886927167408187 0.1816223500947751 -0.2469019316742047 -0.3700527956748614 -0.3815865007808883 -0.2030259567325618 -0.05671328375387114 -0.1508927399666278 -0.02852520856683378 -0.549358161299729 -0.006889496342156693 -0.1467503855892191 -0.3579106575032941 0.308468474771197 0.7800881139923407 0.9954898742722231 1 1 0.9969727823705711 0.8751446250872105 0.6021692341949857 -0.02862476590098035 -0.2209699088759865 -0.3116437386148224 0.1564959115979952 0.5990410120346003 0.6725407896233372 0.3582661962861734 0.09097726159557204 0.4771999228960827 -0.7625958658738835 -1.215328846014562 -0.1235968934764064 0.006229293353618656 -0.1149140531297762 -0.2111104164993905 -0.02983379473416774 -0.1167716761385306 0.8953921948424565 -0.5774873745618394 -0.3080685513359624 0.2189696538109988 0.5510812827742192 0.9904616500231467 1 0.9966856157451641 0.9824336591026617 0.7220165843679142 0.6603692121749206 -0.2755757932334518 -0.8962090944253837 -0.1318223673571824 0.2893661973641663 0.07721049837524378 -0.2392788017996824 0.4752581274223739 -0.2583505996994701 -0.1796080652806288 -0.2924641484264035 -0.6709615309521486 -0.1039084886920853 0.1612123019789722 -0.1438043894149315 -0.07775165231923332 0.233217186696991 0.4777321920599956 0.04648016307575976 -0.5667718473302927 -0.2301519755563671 0.1240965820067928 0.5512846212133922 0.9718383002487224 1 0.9708741976317773 0.7788597938299616 0.4800304961447215 0.1706762367586096 -1.028286760936917 -0.2153722568430209 0.6811921108226976 0.169048988821493 0.01861940568864701 0.6121285357838413 0.3819112116242818 -0.6235359168296443 0.38322759787836 -0.2125539744053015 -0.8730503280507791 -0.2900605764202908 0.6243483795274684 0.03642026048381664 -0.1276807141281199 -0.3717824935705626 0.2482193667683315 -0.1687751216007871 -0.1051718617527978 0.1285262346566565 -0.1856579519219477 0.4414276156968701 0.912878391984452 1 0.8738390221705123 0.586722913660055 0.1926039384048111 -0.1477576393761396 -0.5915748280895108 -0.1324880946899441 -0.6421560335122817 0.4005189417350384 0.455891709858556 0.3467890517296247 -0.2078461243571842 0.5200567096716837 0.01164193139963622 -0.07155393231113065 -0.461514781111472 -0.2223471920848474 0.4260501518068258 0.466013255933679 0.5200680751752678 0.3112563805404768 -0.08990541422535032 -0.6349002140867582 -0.2670582012383295 0.1666749961542521 -0.743578015498718 0.2282974890761097 0.8367072092821149 1 0.8338157117438583 0.4494069736626092 0.1715967963893175 -0.2402681765315762 -0.7800734259039331 -0.2950209667897502 -0.1613599187144067 0.06090983632439444 0.0402863269526626 0.7676303566108313 0.196284575867773 -0.06844988828666215 -0.3800878665177272 -0.3568857027772255 0.4154527108677756 -0.07078415379527637 0.6661461683535893 0.1530682920016849 -0.06816383623776287 0.2908318991216587 -0.4785971596770475 0.1375614140621475 0.5323722243555841 -0.0707627424324543 -0.5651484890132221 0.02555998782087553 0.8136100007972636 1 0.8076229303477181 0.4995103833327677 0.1280350109446253 -0.1660203760181199 0.6888249210734875 0.1662875480009673 -0.2027331021444907 0.06791999054518459 0.4066032337614784 -0.1271206072862414 0.3182981746170762 0.3418643591220727 -0.1944776021882201 0.775020125652177 -0.001096589446412598 0.1285070547109156 0.5521817728164314 0.500752242464097 0.04016794250445174 -0.2108623223617254 -0.1883302824971155 0.14882100229874 -0.09005608744090765 -0.3063461171347113 -0.7382003242378892 0.01842918175270911 0.8051038851652521 1 0.8005349140619495 0.4897039719848409 -0.06076945701012457 -0.1964166900118179 0.2716588959417376 -0.07905532906164953 -0.1423383979948569 0.06521336098559795 0.09172997353608968 0.3223917603301956 0.733124963715402 0.1470277246086299 0.590488751269493 0.3555016997506976 0.4127482726060918 -0.2640911119020544 0.8447626095022013 0.09946696697803742 -0.2546893270675681 -0.0106974638395278 -0.324497365731951 0.5549567359874015 0.7139723555672605 -0.3018346204066071 -0.4776608573267192 -0.145123807980233 0.6656544734837466 1 0.8899170722779965 0.3747368981993477 -0.3616256712558205 0.1519260857748023 -0.3593480453174814 0.7127036629334064 -0.1515258869917075 -0.2783619554094855 0.3266455458019768 -0.3772098102404001 0.9231571200978499 0.2256352377818533 0.1979265913354711 -0.1389201445306239 0.6792775004654666 0.3788960265233236 -0.06372204894277919 0.6487747653206517 -0.1996018464610372 0.1025428697751969 0.3676300259727915 0.04208711410661774 0.8939499615641412 0.01337155341909378 -0.5213965818908501 -0.2086234238012604 0.7352006686543741 1 0.9759079674150672 0.3598916022176744 -0.4983518977264089 0.04818217571666813 0.4507095982489403 0.1914949605827911 -0.4275775852197108 -0.2396727461384682 -0.1828881027254972 -0.1908481584233106 0.2444442437226835 0.4101855420830542 -0.2106487950755218 0.2854614616449955 0.2669531285507027 0.1856808619808089 0.08534105686448544 -0.5333752373043411 -0.7776275768195858 -0.3777489317486284 0.1987694530932024 -0.07031976621306879 -0.05229242486356434 0.4063440142533454 -0.5087473769190187 -0.1826686516965687 0.7825258923512656 1 0.9870922410975408 0.4968661287348554 -0.3013075988135392 -0.5997540732398356 0.2173373419251807 0.4992426349327425 -0.06183959967833832 -0.5105199120171107 -0.8138711037675246 -0.7638604411701831 -0.09342486485324884 0.1835325715443314 1.159691022965842 0.1814478358389519 -0.337387281030284 0.3501247835027176 0.06977614168765259 0.1950947878714696 -0.2652982313308782 -0.3961585634890359 0.1172015107914311 0.1061353559245711 0.3899085386136519 0.5887908168735742 -0.683333291160896 0.2375134996541605 0.8735343428000044 1 0.9719656066858654 0.405170454950262 -0.2191556292623893 0.2911081504819436 -0.1255562819637392 0.05056290581800222 -0.03718801482043283 0.4400225760556487 0.04800260528981139 -0.4217474064865425 -0.4116096283356324 0.1910571954587508 0.9204603158702076 0.1131018894339662 0.03989904628182298 0.5850429455207289 -0.6776568263740965 0.3294146861069822 