# Created by Octave 4.2.0, Sun Dec 04 12:09:38 2016 GMT <unknown@unknown>
# name: O6
# type: matrix
# rows: 1
# columns: 785
 -4.613729091176241 1 1 1 1 1 1 1 0.9998528783036992 0.999402122468211 0.9999029622854293 1 1 1 1 1 1 1 1 1 1 1 1 1 1 1 1 1 1 1 1 1 1 1 1 1 0.9977065503427293 0.9919463049512792 0.9422365193899478 0.8269670523266601 0.9232242253174037 0.8891226772161462 0.8598543187258144 0.9359035912307559 0.9968216656808778 0.9998911088922685 0.9999163849474388 0.9999803021544759 1 0.9999460349609632 0.9999003722356304 1 1 1 1 1 1 1 1 1 1 1 0.9999193302495698 0.9981395921650498 0.9717492738291005 0.9390579058799209 0.8238356023461564 0.7574738141441212 0.7439501162582614 0.8033616132223526 0.8440003885935585 0.8649134879707577 0.9019868832359748 0.9912980941679215 0.9952260460271474 0.9918370469884519 0.9814338968790638 0.9820992859567198 0.9909364840149126 0.99634290647287 0.9996176948681671 1 1 1 1 1 1 1 1 0.9994055672164978 0.9951452146345305 0.9453093516628275 0.7028663751592727 0.7382031123940674 0.6122181338547118 0.4668407608344636 0.2824076927256781 0.4717277460011658 0.6360874220853725 0.6642325457460825 0.4936385123423949 0.6679811823880674 0.7678174999857985 0.7880032788123198 0.825092278883112 0.8381403138621336 0.8856183407978004 0.9405738173365886 0.9436974216530785 0.9802181871598843 0.9996666341635514 0.9998725164084284 1 1 1 1.000180388510881 0.9998128475693677 0.9919317232508535 0.9774479725442204 0.7589926135316272 0.5005045588219244 0.3843066829798697 0.2454911167388873 0.1193502828826967 0.07430252981742659 0.1068096270807121 0.1570753882030738 0.09354466851621226 -0.03884203097647339 0.1404240775229622 -0.1200423494585027 0.0494775184833584 0.4026412637033012 0.5433500681300658 0.4278811135177623 0.7543167760107633 0.8782458085197042 0.943977390468913 0.9968188612192124 0.9989464389919032 1 1 1 1.000096755963903 0.8732120746906883 0.6892056210824017 0.6379436406416003 0.3315268980349588 0.2197846716678793 0.1039877890271201 -0.1618278987185349 -0.0211372537396497 -0.03430734561400887 0.2994619307765083 0.3281041802301795 0.2944637524073715 0.2434374076846377 0.1575499550507159 0.07491630886731214 -0.1806703351433132 -0.09022686835518898 0.0092645698440432 -0.1102559280916363 0.3361929141993007 0.7054730002848669 0.8815415922264983 0.9875702815555045 0.9963119610943999 0.9997408301125749 1 1 1.000362077205229 0.5676385781801627 0.2556098086213243 0.1033195437284658 0.1045704621929713 -0.1684736546699603 -0.1547612532795457 -0.3156891142277317 -0.1429277087586906 0.05810369381211079 0.1171620595885528 0.2252222777121573 0.4367014579157391 0.1444053313006718 0.1450294882590802 0.2668637611266754 -0.5309628490148041 -0.9895958085961012 -0.5794053829550883 -0.6268240572320268 -0.336981961769999 0.2942127581792059 0.59194226324062 0.9622158768275006 0.9877867523206495 0.9994128872574314 1 1.000105043286597 0.9620061554498109 0.273296193099301 -0.08562360346247337 -0.4224829977446983 -0.1837326094774811 -0.3448874427603977 -0.6200879566201183 -0.4430470403920305 0.1133364445479576 0.08410309823874949 0.3184975739105707 0.05196152677415886 0.3246204563335495 0.2443462983613358 -0.2657983460550105 0.5225755778923743 -0.01828153138627109 -1.028858149423386 -0.8508132573922055 -0.3035902693683703 -0.1101163816646047 -0.3227569075908289 0.4791953671991762 0.9307657451697957 0.9762049726090247 0.997328036235823 1 1.00499595012226 0.790859709412662 0.1950356656232521 -0.2476051041492085 -0.2254931318324833 -0.05200177101789141 -0.6179964958151373 -0.4984761089875383 -0.1499810103912747 -0.163762798207393 0.13657420102146 0.592520520664058 0.1882663799647081 0.2760433731053691 0.4918663527411544 0.08283471532514389 0.255227799730973 0.2990699669346242 -0.3141312516731646 -0.07812992770237054 0.3583792472908406 0.5234729876907815 -0.4060523823861155 0.3299305909021299 0.8414083745299348 0.9466201345939798 0.9950169029609018 1 0.9220607784602872 0.994281350449897 0.02842208167161692 -0.07242417851553404 -0.1790605422590164 0.06081234629083482 -0.4162712873133492 -0.2263313009630024 -0.1881726439016737 -0.154247213664538 0.1125475711638293 0.2240405694425461 0.001857957995710241 0.1470592936462432 0.4149271737301067 0.1847527860188713 0.4216879978767727 0.5527880099043198 0.6705692348063209 0.2070656619539306 0.1068443362231975 0.09204005120741174 -0.3675749729163813 0.1331478170395703 0.7670262699111151 0.9195595780249953 0.9940789518919675 1 0.840482513793458 0.8647795297251274 0.1054052538717451 0.1717710183796655 -0.2590000581211316 -0.08990679632164846 -0.2098376288857436 -0.2622640048882663 -0.1945094541889889 -0.2699614386393622 -0.2039126951308645 0.1882813611092933 0.2435882816661376 0.4781125504901555 0.3497647467230465 0.1247957504990469 0.4644303705677379 0.4859197562403869 0.6595015480520903 0.2904532897136436 -0.02200764745576708 0.5123251114422409 -0.5867911842734369 -0.03479353003324123 0.7134499359216355 0.8935203404131947 0.9871523233548387 1 0.763943478266795 0.7389822559503838 -0.08809642193107388 -0.1811844074489969 -0.2573200126854359 0.1159759752899636 -0.230710279910692 -0.5750062759634118 -0.4369290431242279 -0.2844284372425467 -0.2122104723601848 0.05297222908075057 -0.05700608605443647 0.4520697685124885 0.1717533867127507 0.546565275536868 1.071843219031713 0.3783434364006917 0.7543451198623069 0.08126741332647586 0.2631582300106245 -0.01431739076269502 -0.7415224624667009 -0.03353157108773955 0.69964249128113 0.8924084485930854 0.98253165833265 1 0.7545455674857315 0.5813969515876176 0.1477028468356013 -0.6831729793093342 -0.1450094191015427 -0.2615410665144994 -0.5896056926096325 -0.1412998343472476 0.317881580515232 -0.3307520242959309 0.3193158512351941 0.3506369146287956 0.2271748297491461 0.1714999697079125 0.386943912426164 -0.5085854854467308 0.09520433824427665 0.5990496798501393 0.7925141461424551 0.4511355301965827 0.8341352406512342 0.1678622020330487 -0.5630688020592165 -0.03762767170491309 0.6568143809810564 0.8832376535902442 0.9754346349154788 1 0.8806579701740821 0.4973919272773274 0.3757578696946027 -0.2458111259677269 -0.09850081446977933 -0.3087676343650892 -0.2869455110095125 0.1588412452764885 -0.5426763416082129 -0.0399160824501036 0.6184394934596961 0.176597745785931 0.04515676400451897 -0.563126756086167 -0.5276543368489237 -0.6023238911984313 -0.083858563204813 0.5269233373695632 0.343103209612265 0.2305237685277126 0.7001576295633396 0.1146781436372917 -0.2267269782120599 -0.2383053554464747 0.4500653820492475 0.8797334295928589 0.9762142288712531 1 0.9941577475205051 0.3867194400806209 0.2406583692032329 -0.1759612187474799 -0.169774391429904 -0.1543060265867368 -0.5761527866638514 -0.07777251763663257 -0.2576277448606252 -0.1950750717549356 -0.1644373749956725 -0.3666778802590774 -0.2034498635187075 0.2233387873509904 0.2616838457322009 0.04338257912950131 0.2556167046802499 -0.03227285354904526 0.4347262262374654 0.6003107521037906 0.252475025084226 -0.01977047566482538 -0.3958551003141822 -0.2820974669561673 0.277641404186426 0.7925889635571944 0.9705935387819241 1 0.9469901165370154 0.6540839122112844 0.2945195513461514 -0.2344455719526217 0.2355052348300385 -0.002025915343990943 -0.6415296582636835 -0.7790341092545011 -0.4027185104667068 -0.7403608389316465 -0.9041263702282433 -0.2547330320255435 0.3476124096532375 0.5444105184009552 0.5373655596648713 -0.0847779965419863 -0.6244431809182881 -0.02687514083523029 0.3460360596313362 0.7748301234751582 0.3699105160259346 0.5488088114328213 -0.1277337860425402 0.02957446671609685 0.466635443800106 0.849463528160466 0.970971255323243 1 0.7891742386556448 0.3533283148397757 0.2187784873892449 -0.2859318744092527 -0.2795899913004505 -0.3565775769218171 -0.5308445405236635 -0.4225483379225289 -0.6520042953800494 -0.6335215306961989 -0.2841090492983394 0.199939337992196 -0.2797919289969851 -0.3030197340903468 -0.08996207103544482 -0.3962225571646934 -0.413419385341493 0.67100014982705 0.3570887895280665 0.1400397641995789 