# Created by Octave 4.2.0, Sat Dec 03 22:40:41 2016 GMT <unknown@unknown>
# name: O2
# type: matrix
# rows: 1
# columns: 785
 -3.577152075001148 1 1 1 1 1 1 1 0.9822275567391346 0.9277758156846123 0.9882777501896574 1 1 1 1 1 1 1 1 1 1 1 1 1 1 1 1 1 1 1 1 1 1 1 1 1 0.8807689165541279 0.6575104571891774 0.7791265917731415 0.9164559588625467 0.9515418353509197 0.855511697184251 0.7622785027198314 0.8880821318792673 0.9944503536469146 0.9944176291950562 0.9983707225143207 0.9996638594391105 1 0.9996932085882759 0.9994336158552771 1 1 1 1 1 1 1 1 1 1 1 0.9968770902289186 0.8825971890552776 0.7479797002519623 0.5861570305718845 0.3926683439617983 0.5184893001860768 0.6726386759465354 0.7208167023600225 0.7565129249698784 0.7657615835477393 0.7674761482249771 0.6571003112311516 0.4257075085265209 0.4351997353831615 0.5199357187666676 0.6079123154312337 0.6636732954094349 0.8193178633275587 0.9903738441026207 1 1 1 1 1 1 1 1 0.9420178674127845 0.9124328048176383 0.4657044639422557 0.2421108145334071 -0.07676482417872492 -0.09027130666601706 0.06626916296395285 0.2070477289952669 0.5107860810641878 0.653167841647306 0.307449986158324 0.3534796945245834 0.3208394012678736 0.03852143897578396 -0.3877876987118396 -0.3561190640892229 -0.1177439667164698 0.2519888128614093 0.3390846540073529 0.6247074786252537 0.6481008562204431 0.971459410924841 0.9992000084201474 1 1 1 0.9996139748349999 0.9966352856537455 0.7520645093883238 0.6707313762652259 0.1318862474327545 -0.08675990671586029 -0.08124164231082291 -0.4701608542054408 -0.1210339625124569 0.3178431500918573 0.03619900691274309 -0.2784587216618919 -0.2445024770803738 0.0549492836148411 0.07291294726240756 -0.02890570196012593 0.05175691608284189 0.3573554407485136 0.03513895348768391 -0.4183971660891722 0.1270818267588738 0.4515108905145494 0.4888497536221527 0.7995524155481482 0.9597760135155015 1 1 1 0.9959584679163804 0.8808981487830728 0.6330625984722568 0.3736623354215007 0.07047851928785374 -0.06270272805088753 0.1428870183926238 0.5440156127006828 0.3807363548381286 0.439773370210933 -0.4712666008089202 -1.262278150468875 -0.7441237742137886 0.7222933383422763 0.8994663508076872 0.7220761872938978 0.3458723027302366 0.4563908487851945 -0.08986092963770415 -0.1244448034618601 -0.335402237942695 0.0976840860595196 -0.09765374503818219 0.308333800340201 0.8203461355298314 0.9997477071159597 1 1 0.9814471344782335 0.6807923092667978 0.5646212381247966 0.07218047682322322 -0.3259497922201163 -0.1713314422503797 0.3360558449537786 0.07393604458665951 -0.3208404865911315 -0.4962407654500379 -1.452465503480593 -1.49097027898925 -0.4628479101377649 0.2965455191828671 0.1457423429381379 0.8137970442178007 0.2210614171360653 -0.07514854095693319 0.492824228097816 -0.1633216611020273 0.2228547671906664 0.5598667313451682 0.05898004902526208 -0.004264348485481786 0.6936717775329727 0.9994172811618408 1 0.9228114172502668 0.9110983840889293 0.6571864667235 0.5813510521012333 0.02213374383867479 0.1811730011887045 0.02363468268345788 0.1500502077877595 0.03826266742499843 -0.5161794997849506 -0.6604136404552496 -1.853824661408432 -0.8540604303448982 0.602413709564335 0.5758812220293468 -0.1032113033486402 0.3498346029085581 0.6734664535863574 0.3563367828048598 0.3160074655981075 0.2452933591298275 0.8023966849505443 0.2673071227246591 0.1675749820501643 -0.2704565123059413 0.5804946407118856 0.9980989323766976 1 0.7017651330206519 0.504228284597385 0.2880694480320336 0.02488513105580551 0.2168293237266404 -0.0607282066580118 0.3646733375696444 0.006890501407099668 -0.2783366865784564 0.1097322802933124 -0.7521322050318221 -1.227251978839969 -0.1413673982453722 0.03223558377454534 0.03175668817148363 -0.4231360678739229 -0.03645397128682731 0.4138333519074496 0.2513797009440534 0.09504659461940972 -0.3348794974492987 0.1997549986930203 -0.3685965078230424 -0.4289772399838561 -0.4430878741985192 0.5964060039025559 0.9924292893173462 1 0.5600217085717185 0.3352036558134823 0.3282315940542898 0.2087241719177621 -0.2078036958122567 -0.2257484034160063 -0.4829107606764137 -0.05947871765901325 0.07478003612360243 0.4575953320156558 -1.191137529496092 -0.828790046268027 -0.1792793141541405 -0.4544657220325544 -0.05304545634376011 -0.03856351629601028 0.004940843793037656 -0.01363851034897005 0.7544692860282508 0.2557078068376212 0.5311507421717363 0.2864415696343784 -0.4982326858781882 -0.5857877717038464 -0.4084310755292055 0.544101112996717 0.9533054392285726 1 0.7581467763114341 0.1648441066421504 0.5931052273790406 0.222445213389238 0.3041796670097519 0.427522703523518 -0.231436272748717 0.5471117833459419 -0.3611362197310722 0.2133330565844261 -0.7432756794225984 -0.7653355453209231 -0.09158650185632995 -0.3227278648427346 0.2638156892945276 0.6872660901741829 0.4304754182515176 -0.1594811731906878 0.4378291381510968 -0.2921834046167018 0.1097461028096583 0.2887521701547209 -0.542756154435253 -0.4001817320108974 -0.3864052504442394 0.4710799922561353 0.8612716211782574 1 0.9416925835541433 0.6284057895723179 0.6844586550355418 -0.1107193738885356 0.2787639362270568 -0.2205182776024994 0.5496375746317799 -0.01615189116233843 -0.2205708143263302 -0.09442421347773493 -0.6352413788288296 -1.442910746381833 -0.260096136563226 -0.09313664086015892 0.2510903983532582 0.1500477276067503 0.2408548515572602 -0.1633811806923527 0.5255922747661964 0.3350932573837442 0.3456807839608616 0.07020943567687919 -0.3465628321314755 -0.005659873283704875 -0.2099179499529144 0.4642957750555269 0.8811010458338776 1 0.9407761483824207 0.8569469198770472 0.4360493471369568 0.2246538982228209 0.1518403165013114 -0.2024618826615805 0.3587559293099554 -0.4450602261532525 -0.004637769271332794 0.07204028308467698 -0.1200571086673448 -0.7350167853811257 -0.129294510276481 0.1861783445398211 -0.4453968308275869 0.4272063403454926 0.308149411887049 0.602547234058817 0.4101763247611609 -0.03373351507339196 0.2479989342870148 0.1484717777020187 -0.1051358085812028 -0.04035631935309417 -0.1660243660432089 0.4724560584705458 0.8922431708716829 1 0.772934674034593 0.5181190430468969 0.269258606310942 -0.02672105525514216 0.5688179160830575 -0.2472746035840839 0.03179795644540805 -0.1967470246480146 0.3041117692434399 -0.3480358751714338 -1.023267120285894 -0.6548858193278638 -0.04623367976885652 0.1693058284613404 0.1570258826925823 0.1855632230381367 0.3066754400409572 0.6283874064544388 0.3352600877663336 -0.3815485283702332 -0.1484541254438477 0.209780069403652 -0.2963495904884058 0.0458459519823531 -0.2098174712940085 0.4811933806345971 0.8827930971866534 1 0.7421356638102471 0.1189570152564107 -0.1439566806327048 -0.001997097325660201 0.660024208870587 0.2313292657039472 -0.07875192543251314 -0.01880244100535495 -0.3262627212478152 -0.3507798667417609 -0.9911541257907426 -0.3880788660665852 -0.7451281205525582 -0.01452699750920962 -0.4514298382428123 0.154395582719365 -0.1746886990119172 0.01259412945772965 0.553862186915953 -0.2472713714467271 -0.6221487568039475 0.2387687513626053 -0.1902142512973912 -0.1232790933276584 -0.1731884738196937 0.4942888952157014 0.8988205709251827 1 0.9102552464109123 -0.2055299968248353 -0.1030438735011438 0.1379371243410704 -0.148898360610365 0.54606367793275 0.1686719129286548 0.1606632619513073 0.04733203424544038 -0.04727051160969478 0.2075949982471749 -0.4764705060824783 -0.5371483896535908 -0.09955947076879215 -0.1104872970404462 0.3902605462802441 0.3262059699282032 0.3242833572917374 0.221708985367418 0.2144641229156072 -0.3527515015019632 -0.1933321555075462 -0.3813336545450415 -0.3969557952428813 -0.2650779988229444 0.4185428939846946 0.8723475178555421 1 1.046106284967815 -0.2649688093783448 0.1963111671839835 0.1312643884177133 0.5561720700476185 0.2621475359199866 -0.3423049583775833 -0.02186274325144345 -0.3180062214985114 -0.5719931602965881 0.5629475198396067 -0.3475179026818584 0.4481086054338579 -0.3834607839247361 -0.1932725242641556 0.1405000019300501 -0.1205221508890773 0.1084980896781516 