# Created by Octave 4.0.0, Fri Dec 30 19:25:09 2016 IST <chotumotu11@Linux-X555LJ>
# name: O9
# type: matrix
# rows: 1
# columns: 785
 -1.124958751998832 0.9261667527787052 0.2653567832769038 0.3313434842754022 0.5478273214688031 0.4274981875831513 0.6261333841639791 0.8033610695650497 0.5513212984093701 0.3984205042628589 0.5306721014778105 0.5728728206637742 0.8120297693738667 0.6280009579068202 0.4496759712084188 0.5775304527206605 0.1214880761943291 0.3740510811741559 0.2818378622564999 0.1854544914442582 0.5491140477965796 0.4445649374031315 0.5630384920013144 0.7639480056738952 0.8382095330761716 0.7048359050630113 0.08074564585923642 0.3824858371286093 0.7456199770226102 0.9953504279034385 0.8464901338737731 0.8953025423043263 0.3694347297048349 0.9207451238165234 0.8168779882376688 0.1730721400639446 0.4548320008957806 0.8655776163601235 0.4060093005800264 0.1530317407245894 0.973452207782347 0.6427041372918691 0.6560619342645805 0.0828127075963779 0.3981494568325981 0.6231919457472491 0.5167219680531883 0.2423015746590631 0.741047554168074 0.8493877428422208 0.0213661210549578 0.8151149443449143 0.5366415172186495 0.7718522716675462 0.2726382201187742 0.5242008248351686 0.1715788798636068 0.7309246441147041 0.1934878755291697 0.1032459223517022 0.325821511216055 0.7805345374829942 0.4681483583194506 0.2605496314381308 -0.0020353571008518 0.01027554728546358 0.7053736215994522 0.4574348852085434 0.03479641171570999 0.04645608730023786 0.4485624871475696 0.851246778875918 0.3044981024383667 0.1064364563425417 0.5865795138176048 0.2747364031014178 0.2927728015324536 0.726543008198979 0.2335853832206046 0.4108335797821798 0.2734474510132249 0.7542369062388964 0.7894931547991526 0.4994668994006552 0.0405785927792847 0.2928363832893278 0.220009605948595 0.5908734868264115 0.1303936742580541 0.5183335717977638 0.2691121540082563 0.175044836989482 0.1746159403152772 0.44237524709911 0.006586500694732064 0.4149544791651604 0.1832041628937198 0.9112873055896704 0.9397549889389301 0.9067725682432132 0.05794084900259813 0.6084478104171185 0.06792217956813919 0.5228980377634741 0.8382127963761423 0.1698645466871753 0.498226619757752 0.5655188304951205 0.3821947824657706 0.8674621130575231 0.2847302908577068 0.08105370920399142 0.6350178324496379 0.6130179765163576 0.8990436736785945 0.6182925592827845 0.7141071609755922 0.02014754386541075 0.2755454739023652 0.8220291061554287 0.4192950743093862 0.2246920145262764 0.2724226879421877 0.2555246809066311 0.7835439912306915 0.2214662605991718 0.2872036035438874 0.2894979757150691 0.1855312274076958 0.8082656933641251 0.2931768526405137 -0.06487640512658491 0.1971399078184923 0.1818878789738378 0.3750928164153205 0.5312277694421439 0.8739720711264596 0.4673637206853887 0.04733659172278509 0.5240889684101027 0.5119026078966762 0.06192128488236696 0.3577856595315188 0.4800789361863831 0.08646634697042672 0.299726442700993 0.8906239486904846 0.05759425037179518 0.5220699801474342 0.7048783554923287 0.1155293694354855 0.2105507262631418 0.1705224704145398 0.1413690760949021 -0.0864297518948533 0.4474575926756215 0.2222131632668391 0.3691179527577073 -0.0249216660441453 0.398799363459119 0.1777195239275347 0.5370788293987333 0.3868314435612261 0.03604508712365843 -0.04078924293751737 0.1724279277995411 0.1158129450092455 0.568769846866675 0.7275031480866605 0.7324832766904685 0.9015277369140696 0.9432375916943585 0.764124437464716 0.5395948990066123 0.04356329745562669 -0.1026864157698859 0.6739006859204617 -0.29520015072761 0.2076604775668895 -0.3382460461580313 0.1532147850904516 -0.2851953585018747 0.1495843961802634 -0.06774634892740461 -0.05592602737497405 -0.04533617225366807 -0.361236783967365 0.1555965214831471 0.1554893849870967 0.05794529551433255 0.4247550916200164 0.6180564745965855 0.526321236956278 0.9263607989076608 0.6455315889672785 0.1455635113128249 0.4638903771034087 0.3445133570702224 0.1156582733814474 0.9883074805150754 0.4597242277882339 0.3952331378189933 0.5974645128447671 0.04167896970294732 -0.003466979337294462 0.4017820961848705 -0.6064162733343655 -0.1050249385329672 0.4381410493605033 -0.1767562320087443 -0.1389638322551822 0.389666985629854 -0.4160935736632614 0.2564418733818396 0.01549734180761123 -0.4189063320348286 -0.1273200591872606 -0.5556152647318011 -0.6031706966832838 -0.3767161383380339 -0.2078408380530583 0.7819323128252643 0.7977322173126917 0.9509977958590161 0.6358260156042274 0.6181654071910205 0.4682472888238935 0.813426527652894 0.6731694153735887 0.3651597543717327 -0.1352609625859188 0.5522355479587345 -0.3193267166307654 -0.653258125833583 -0.1654176881488996 -0.03136853370358345 0.3114150147670711 0.2750477259813539 0.3156977817724846 0.3807511172343482 -0.1594195529280867 -0.07383431822555458 -0.4189074319325906 0.2533139375195819 -0.6382393378362363 -0.1069524926897566 -0.5885929979002456 -0.2728437386492634 0.5368586849579307 0.514897132042188 0.04009857367085477 0.3611974024628543 0.08927124221923487 0.8715344317777268 0.9163932813552206 0.06253341180133579 0.3382365979010685 -0.0731271734180662 0.2519531454966856 -0.09817390506892035 -0.4237103555062949 0.1709211766767566 0.210035587953727 0.08322564707952683 -0.1930466512578045 -0.3656647533585061 0.1692059952555837 0.3058120034683453 -0.3168499628447713 -0.1077872182893272 -0.05420940968160112 -0.06468616673774183 -0.1298926940295876 -0.5650748805244112 -0.2453766036140004 -0.3553977675463782 -0.09265781521060712 0.1488260651342475 0.3374607097898119 0.8481168617008188 0.5221896313769757 0.3611338236151816 0.5507765551171853 0.6194332272687817 0.3812564067317705 0.6185957096727189 -0.2584351373537769 -0.4337888339270736 -0.3755284440749406 -0.2147910971788755 0.3624715941582978 0.1361741470666954 0.4553280534920625 0.1854720896338007 0.1252144518765582 -0.1455912048501321 0.5711365055856048 0.4440279857920535 -0.255708823494296 0.1317974643144102 -0.6179156343835492 -0.8091356682768294 -0.5514484928504356 -0.0825507583578577 0.143422102382664 0.1491284010077563 0.4254455176389531 0.126776037326196 0.3728739381189727 0.1913167514554043 0.7389882710679865 0.09069485804254622 0.6683604188410887 -0.03369787219284338 -0.3817135386894758 -0.2488634321982269 -0.3547934152122821 -0.2218405068919933 -0.3062818707745856 0.2002752806857235 -0.3664203563513084 0.2682934934382865 0.1948309706846664 0.3305920701730861 0.1408078827112077 -0.168302293597766 0.4277281421060602 -0.4868883898572329 -0.5514515812453818 -0.699538762023352 -0.4977920074638856 -0.2462102079739413 -0.1484666313691964 -0.1842491883594364 0.9169026616537762 0.08888784309344175 0.8865861670138108 0.8677201394793682 0.4411223276517851 0.8768204625856001 0.5644354205154478 0.407268935637241 0.04388197673832604 -0.6361521112971324 0.1270249302830414 -0.2671084685817956 0.0857311262578437 -0.5214208055193933 0.1060493901893081 -0.4982482464515957 0.08620769712305289 0.1606106167241291 -0.06707450220552919 -0.07462652383429597 -0.3256652802551664 0.2090301486011832 -0.5596116489542269 -0.1783559772021432 -0.1830433631046137 -0.08119308081217587 0.2164912619976929 0.309099721745598 0.4749352376406206 0.8731935272281868 0.3777845056576053 0.6654689100442309 0.3268110767459109 0.1942100792934863 0.3559074962230244 0.1979891150235992 -0.5869532728011466 -0.4697236876110002 0.3096453630785161 0.05606019054787191 -0.3785920517069529 0.2420660621216475 0.143920435691935 -0.1174926927407854 0.2019006346955114 0.04749709966162047 -0.0759975639916918 0.3062650141982854 0.2841805794366088 -0.0644367873833504 -0.1649224159367975 0.09855344374035296 -0.292024529971803 -0.726512324804475 0.1043049532836013 -0.1605778003836668 0.7277496237701607 0.9242464122213904 0.6792453305302747 0.2591401942671669 0.9234627436220865 0.3670755611802699 0.26983676348472 0.2064256733082009 -0.7369757805045755 0.0501368748935553 0.508123493658175 -0.4250434457319401 0.1781635156990758 -0.02219445325860674 0.001148895518813335 -0.3635003561668337 -0.3295496791890349 