# Created by Octave 4.0.0, Fri Dec 30 18:21:39 2016 IST <chotumotu11@Linux-X555LJ>
# name: O4
# type: matrix
# rows: 1
# columns: 785
 -0.7530438786470762 0.3651389696422685 0.8718636065193632 0.6955593069391808 0.6543238411640255 0.8264233982395727 0.9296398121619562 0.8925448549524466 0.3529199836108401 0.6552175274189879 0.5459092527417964 0.6927145305681555 0.9988295097498588 0.6823258818822001 0.5900198827372979 0.230824096213119 0.6432849387357306 0.2162653870665803 0.9006275788937108 0.4593975713200989 0.8892233882232481 0.3329965851229468 0.9209210648994586 0.9869521208006471 0.4668798437006699 0.8267241202604122 0.2849219181142686 0.4088146220467027 0.7320082192601071 0.3820027644786337 0.1509902878347144 0.5702328950521154 0.0439580872712451 0.1826842721024399 0.07502989632463734 0.1505692802090245 0.6642261435417814 0.1337370645731485 0.8547516482216303 0.180177521236468 0.546371265235982 0.7503879788659396 0.7292289483453995 0.893362896772815 0.6018056144461578 0.9851290609540726 0.1642059844805238 0.6708976198731615 0.3312967117994606 0.5251363163833778 0.7231174540842816 0.3961475882033624 0.6891037841966493 0.9329747174143689 0.02153438388997857 0.7526100480598111 0.06765292303997543 0.3455220024590835 0.4353335814808557 0.9977835438460066 0.2117484295395623 0.1930135344008195 0.4570586290679826 0.1541077837865516 0.5836825173480468 0.936540087246965 0.5538436196832979 0.4290309001824759 0.2122631137568085 0.06711648808550827 0.5794255151263669 0.1142937788191889 0.9946873834675897 0.8924835839993663 0.1120311110451086 0.8987235275578589 0.522689707629965 0.1681989348413284 0.7967921825121005 0.459387963022756 0.041614594642742 0.736604413808897 0.8271838229738157 0.5160032022602655 0.8310702291570107 0.5943603172829862 0.9272126752531175 0.9330994485198836 0.07528872972623848 0.5661629477610237 0.02733618212552492 0.7111997937106612 0.6458539366334407 0.4213136020330316 0.4894094006829321 0.7772267619339798 0.6582164542975024 0.1321396604717417 0.3259470244415812 0.4802663829236125 0.5755767890564182 0.2074356621240299 0.07048368799452985 0.8508460532495365 0.2130534254588476 0.5857941667001445 0.4020182402743033 -0.01367394948278549 0.7469037136135829 0.7888585378267982 0.263002524159413 0.08144625402348644 0.5846236933878494 0.9430041998642196 0.282992388475778 0.4760428485797146 0.4383250908396344 0.1848981647198223 0.8793894548066784 0.7764440805945887 0.5327509742944837 0.19232458156492 0.2333374671295986 -0.01904785890006278 0.780038514932935 0.1956868324221313 0.01882906015901741 0.1191082912160402 0.8775772964693618 0.8226197198245064 0.413459886421914 0.3916484395176086 0.6798233302734108 0.4284253277388956 0.4430360933135474 0.7835374340508351 0.6782554359900798 0.2491931719872098 0.2831796549158709 0.09734039641873157 0.7647699232149149 0.9720704150015975 0.4685462222985352 0.336835013383231 0.66608757156214 0.4448171640512013 0.08433137504466887 0.6818375048026912 0.05168639134915172 0.6740814495430252 0.6914253344677294 0.5664070963492231 0.1025343794312727 0.7004579817510438 0.3113569255315316 -0.1154351519334941 0.439158035936943 0.1128426263710839 0.1119934892842269 -0.1472843282019823 -0.4011566894106379 0.5943713964436955 -0.08760563596504575 0.2444070734931962 0.8699150233343075 0.8649127008793536 0.3290158679440238 0.8667011471111257 0.8791368255387619 0.7571372234258443 0.9615486769251477 0.2291835101373059 0.2933500785578028 0.3585644838386511 0.2254652947279608 0.6600332707711236 0.7076978290548881 0.5988405521919747 0.06477440020142304 -0.1792664170540554 -0.03240128196287108 -0.0005149954811301694 0.4432572780177277 -0.1545847744265668 0.1429046055781923 -0.03786275262423071 0.128623932356725 -0.5027509126102661 0.1292052565833209 -0.2769550972638158 0.2450468481664663 -0.1585812921498302 0.7527930927687683 0.7406723963900566 0.3559929080321085 0.98462635094596 0.3573098318575524 0.921107013116548 0.4610292742042961 0.9054522495717058 0.09541915936507464 0.1225202700087553 0.6675603780252718 0.3519309833835183 -0.2226871879110834 -0.4088717014116506 -0.5618342811499516 0.1408357086837262 -0.09922213044569507 -0.3219546648917055 0.1847108256484547 0.2475409746772417 0.5515288865095946 0.3110901982817902 0.2432761026700268 -0.06796157160769603 -0.2944772521504868 -0.3044382296321717 0.04458438521681066 -0.07474205837765999 0.3473512692117464 0.009943635525259578 0.1880013448620754 0.2827246084726334 0.8051290315617111 0.9389556476695539 0.8649775586998774 0.05825998736497359 0.5695016675666046 -0.04060276969506998 0.2725304138744073 -0.2747636633164563 0.2365215276559861 0.2528786141011135 -0.006490664352165455 0.36580181134165 -0.07156265634689422 5.636150580702434e-05 -0.03066095407548949 0.3077255142508374 0.6573599373393927 -0.12550399369055 0.2485681745990841 -0.2385959592670844 -0.3112248709218765 -0.6497144689363137 0.002971383410643179 -0.2405971957490143 0.4507601434076423 -0.008859558967858342 0.6795535648241147 0.7526652004232449 0.5171446002651173 0.438653495170397 0.6962711198267537 0.05219904100507763 -0.01932548175050403 0.6654454410319376 0.1849241074248811 0.280428048798945 -0.549094597094432 -0.2763334523386565 0.06826493385594141 -0.4626202625425949 -0.1462348829155392 0.7280299726203058 0.4210778354202973 0.0835459900443767 0.2250974874188218 0.385869990884311 0.08475895001675704 -0.3418982432030087 -0.7557619253866634 0.05381329862273385 -0.3314041850662729 -0.5961116509730319 -0.03418048013513224 0.05565090643644582 0.2224939684637828 0.4810152202442479 0.3318021183036839 0.03502606295145276 0.7631462896697661 0.7150939100747038 0.07535262966563366 0.2757125166800152 0.3203131356478968 0.1062422574543283 -0.323466295654952 -0.2570323455861847 -0.5891251067596772 0.377115520521802 -0.07862020560118668 0.04613850169372744 0.3038215130622854 0.560982350159643 0.4605696567365657 0.4548416032533573 -0.2378521978310762 -0.1783117375278418 -0.4728170427945491 -0.1764044310191556 -0.4970609487866227 -0.5697006798051862 0.1214201962124789 0.3696451754426696 0.4766016636346744 0.3053314600326785 0.155756381051997 0.4173524297633063 0.03653531609663117 0.7606901544892442 0.7328485106345946 0.04705606327338357 -0.1826937614251717 -0.1532004199891296 0.2135468934203955 0.0853727262789192 0.369907300827681 -0.1425121414652489 0.3965441699867715 0.4386544483741097 0.0985754081820376 0.3506450148063081 -0.0001942904209871786 -0.1919540702423148 0.5525581387684686 0.147897564138523 -0.4389676586168936 -0.7319978503608507 -0.7252131113258503 -0.3070045482733932 -0.1731261454292211 0.1253029966473203 0.5234504900518669 0.4885718844447723 0.7104739760928085 0.01553934968697957 0.4133968164469321 0.3235414290368868 -0.1405755366285292 -0.282654752984617 -0.1619606293905084 -0.1191159747522375 -0.3290397008195224 -0.3582544204164304 -0.2497370981817187 -0.2948680886806884 0.4325205063286212 -0.269237478346656 0.3061182961525873 0.1692664172905068 0.1283523552602818 0.3869469809133432 0.3301632884086394 -0.3661490753866454 -0.5572080004590411 0.07060243091077655 -0.6575505733323713 -0.2556335337388548 0.2693942753929202 -0.2781041774005328 0.4866780452631212 -0.05986642210622838 0.3620113606724523 0.103264086680802 0.916361234013504 0.6488891006774991 0.08489849740412019 0.5155247932883121 -0.2293246571106957 -0.4902560689362946 -0.6054794016733056 -0.6538728611694563 -0.5174326749402502 -0.404142412599726 -0.07242717381514603 0.140504644477374 -0.6122242950907902 -0.101726716199287 -0.04981177361413746 -0.2713949205358725 0.002097000748902072 -0.05438257416606839 -0.3707545519848881 -0.6058968174983786 0.1312306672031288 -0.2723994143043454 0.2155430670473346 0.1928813353278228 0.5485114802615196 0.2967602190146653 0.1737263646492238 0.6122219377779077 0.8177862524006049 0.3630174879433334 0.3397729133880635 -0.1379617907219434 -0.1917564279112672 -0.1913296507008368 -0.7954176325253537 0.01834544669837338 -0.7427715903250408 -0.1573695341789013 -0.04107381542631115 -0.2026709047241662 -0.31702332701054 