# Created by Octave 4.2.0, Sun Dec 04 10:53:52 2016 GMT <unknown@unknown>
# name: O9
# type: matrix
# rows: 1
# columns: 785
 -5.475775169079038 1 1 1 1 1 1 1 0.9931597662449942 0.972202454314766 0.9954883564594649 1 1 1 1 1 1 1 1 1 1 1 1 1 1 1 1 1 1 1 1 1 1 1 1 1 0.9548556647428948 0.8225886384652621 0.8218027977670966 0.8818889756743095 0.7626083541749 0.7161401182591305 0.8581479258692118 0.9477026395330066 0.997406742456177 0.9975698920723758 0.9993011969840685 0.999856321481798 1 0.9999492046373339 0.9999062239458464 1 1 1 1 1 1 1 1 1 1 1 0.9998550875536294 0.9520992286789848 0.875360330313426 0.7191844787076823 0.6465206455429535 0.4417960581260763 0.1679018809086908 0.2889566416632083 0.5365842762743341 0.8672847283036221 0.9198882302224868 0.9380787163728098 0.8108541998321332 0.7421490954001596 0.6774264667948704 0.6723203295802181 0.6915716058295481 0.7963127262606285 0.9970088410253313 1 1 1 1 1 1 1 1 0.9929670849403318 0.9842185065215555 0.8108769742345996 0.6248800849518595 0.4338860270204564 0.2081948253243244 -0.1783754991468953 -0.5769092746992889 -0.1335242951911065 0.4098888529054641 0.5274050092069192 0.3094703239861819 0.3015978088218311 0.1782177642016625 0.03309089355790488 -0.07780164607115493 0.1039134923525624 0.1242340714160273 0.5437603583895436 0.8023369676808969 0.8311418911255289 0.9645467927346064 1.013938054201077 1 1 1 0.999917855691703 0.9986202958144732 0.9545695134746297 0.8350129877837407 0.47431755125422 -0.1219517171556222 -0.398186855483379 -0.5925025369310193 -0.6223939628918842 -0.6300973104893897 0.1625568514282882 0.2542416520614676 -0.09658690988442838 0.1701059854675695 0.3168427321588269 0.134601474378226 -0.2116012189543551 -0.4623439640915087 -0.2856121310057459 -0.1984984953402047 0.1475541312520451 0.4012693327726089 0.4856710949855158 0.6611177122134435 1.094537708539327 1 1 1 0.9995280334360108 0.9859745616336475 0.8900793692622818 0.4294944828997574 -0.3167589031580859 -0.775027782430974 -0.7248785167893974 -0.609048255103699 0.07810499366989326 -0.03156527765165168 0.643506039978006 -0.05225320931662866 -0.08939362560784084 0.1191207712079452 0.0884900452954374 0.02432722542060902 -0.651913840798921 -0.7400548132797719 -0.4606305190978859 -0.5654998139983233 -0.3040398140970724 0.283876825584454 0.3308062750552665 0.3681501993406366 0.8274263347582672 0.9010192425245374 1 1 0.997851189752435 0.9504759287351754 0.6423493325497173 -0.07655956558758756 -0.5311742790371297 -0.6898816756875715 -0.7437303027072318 -0.09333306126773731 0.2912607092235569 0.3095985665549738 0.9218664121751375 0.1564987119925053 0.05905000333946593 -0.3394324946052574 -0.2298816489852448 -0.01335646348714691 -0.0867841718499127 -0.4544281406516914 0.2587439679906722 -0.3905296732701095 -0.7685033380606625 -0.7575555731954968 -0.4757508029114859 0.07427563106507062 0.6242491459944407 0.8503169702785395 1 0.9952360498965125 0.9887473884716114 0.7517499343619007 0.4328084209895399 -0.2211436574117016 -0.5541792336552305 -0.8377417120964606 -0.5902041276766278 0.2561099055013546 -0.2084387617457212 0.7640740798400107 -0.1247689453865756 0.3482105890838419 0.2679654064510825 -0.5513220565318819 -0.1061332414411603 0.0005133949013431204 0.07456861393935557 -0.2509413627553077 -0.02699041710360701 -0.1768136988659994 -0.3652323740788057 -0.3545760692173737 -0.4744545278303064 -0.2403487432871059 0.5771386775592776 0.8111115225520057 1 0.9705881879029762 0.8981605840455887 0.5858495504891048 0.2083881791675543 -0.2074311452062501 -0.6069915748432033 -0.2919243067299858 0.07942535715887378 -0.6189425655434155 -0.05921033638698628 -0.2154923602882723 0.6542020935642372 0.2745919705767469 0.1192603397527549 0.3228717869208906 -0.2861377045652058 -0.08988295240331062 0.06504663519877339 0.1556276975207369 -0.876338771191732 -0.3791651425403726 0.08935648853023334 0.3722966319876058 -0.1725909736969803 0.0005201361976794154 0.719032174658544 0.8436225307429822 1 0.9318537038111266 0.8542406578219007 0.4233414212541341 0.01140818191741344 -0.3602469647147543 0.136268547763316 -0.7885982170302249 -0.1154328744827405 0.3742394863928215 0.1255840718717487 0.1802583961217716 0.4460813606846457 0.3581334066378986 -0.3847594723156361 -0.5795586551901156 0.3680192734312953 0.1637953720352353 0.1848886105762733 -0.3928729214420709 -0.7796432764038507 -0.4602456834117529 0.01179837025068691 -0.3067834463875134 -0.3490178217540483 -0.08032203101357298 0.800008087190852 0.9021855391865528 1 0.9287597418103184 0.8151358142550275 0.2996938418767285 -0.2400869203710161 -0.450743898456769 -0.03037009039450892 0.1855010586613085 -0.2460413967341944 -0.1281558891872107 -0.2997188973472287 0.4221627351895057 0.410975225085898 0.08012569791402331 0.5301484383388864 0.1512588150950401 0.4043290779349499 0.02620964100100917 -0.02281991491531002 -0.360332396261017 -0.829044519898311 0.1303695216671111 0.01016648428026779 -0.3161974241591524 0.250849384475862 -0.1869456902031377 0.2865207503583534 0.7781573646846659 1 0.900870511807651 0.7706546185513005 0.1334850555369196 -0.2061315219132428 0.3757093650085121 0.2799032569307293 0.3304983489343727 -0.5582820982266309 -0.2139304967527408 0.3659417005076993 0.3912513308079019 0.1548833842369429 -0.3013375520244533 -0.1701370249227372 -0.02015107989030688 0.4142297704655441 -0.2141419964897639 0.3586621294822259 0.1739501841874629 -0.3989688480716306 -0.9965322269824495 -0.2898711965169027 -0.3402171489274714 -0.1831552795445039 -0.09897531359019868 0.1014050962903959 0.698184199452524 1 0.8903358224994382 0.6960009282075197 0.06811172359286338 -0.4459293961506543 0.4855790210267554 0.1366356239368719 0.1837154818495588 0.05103585532437944 0.2463441877958266 -0.4267241250366618 -0.104805248580259 0.4438231501851473 0.3655447200857014 0.2416310682698898 -0.04096565073149009 0.3811542435421066 -0.2740291935605917 -0.1368048195247077 -0.5329948928346889 -0.6821166832642588 0.179290177082666 -0.4249017158016872 -0.2056625802184593 -0.1939398801005087 0.2511364147975105 0.3372057644504201 0.3118410483768657 1 0.9326500941277777 0.5847447696800269 0.1416079752894769 -0.7553551961967429 -0.06670457346312712 0.3789399917424435 0.6352544730096792 0.3163036504247032 0.06222357393452981 -0.5819831615688874 -0.5878276386299571 -0.1657390351834877 0.2763189717070127 0.02590568477955242 0.1128083383502448 0.2481990045325458 0.03170221889787368 -0.1169300869332725 0.05297442868233346 -0.7656735020119582 -0.2210920533396264 -0.1690728689077753 -0.2723794282849502 -0.6204824435093383 0.3305416529121903 0.2998584014635548 0.2867264047850575 1 0.9721388970209284 0.5724552146372994 0.04951977741322795 -0.5138180519175777 -0.5706520285890835 0.5291871142322381 0.7736138425824004 0.2803565739747073 0.548402111186765 0.384747455880022 -0.138350360479578 0.5354227733968704 0.04417755334121117 0.4332391438842105 -0.3880815021510166 -0.6601218332282716 0.1009927329752574 0.1903818899391791 -0.4614629314094194 -0.3885992664888097 -0.1731354657239699 0.1541237521556136 -0.3483444316527535 -0.6526825749187258 0.2570306184836 0.5579617098356032 0.7235642973931431 1 0.9120752132387047 0.5603219312473972 -0.03252670703524099 -0.5187448178657728 -0.1533887470907269 0.3537900404905862 1.220935650491711 0.3686540507165977 0.4199491443989362 -0.8600634393873025 0.0007222660539933249 0.1070764162405143 0.5181872076700608 0.731422902901541 -0.3693910652038484 0.05181167263076207 0.5116514930553724 -0.02134294161569533 -0.4493753571419473 -0.7576857991900595 0.1513832895968955 -0.3154890696715097 -0.4155855038719319 -0.3573603585458178 0.2032760067626575 0.5291667955630877 0.925267215526975 1 0.88272711485039 0.4808794127609469 0.03619514382322418 -0.7770801123791878 -0.7204063726490498 0.4816918523883429 1.285260331695062 0.03143728468664832 -0.4845991466339086 -0.1351968527998838 0.3053312338189206 0.1702425071758638 0.02679460939350602 0.1166835772674777 0.6580417409290756 0.3987656299869913 -0.1261941460635964 0.03964855868926984 