# Created by Octave 4.0.0, Fri Dec 30 19:07:40 2016 IST <chotumotu11@Linux-X555LJ>
# name: O7
# type: matrix
# rows: 1
# columns: 785
 -0.7885444034506406 0.9447304148110601 0.5942500977633327 0.270726484846003 0.9029439155408029 0.6005136418924479 0.109429388906837 0.3939676797180138 0.04323854693017732 0.07698247762325462 0.179976516670689 0.574245988680059 0.8969807482752207 0.3802223469080455 0.2694329921115084 0.06740165946413834 0.787546656478873 0.3728048581828158 0.31144104603827 0.3201682051962014 0.04647665003453522 0.02349664967495795 0.7626020690406767 0.6011617557890526 0.6264100467202488 0.02023717071273805 0.3525012589394546 0.579845183165819 0.6962737133935 0.8715543138882264 0.4074045856023559 0.9560912183435131 0.5908805725286236 0.5189258267972608 0.4561395134769523 0.8694782343091447 0.7389854315283074 0.8587757742949105 0.5249290419714181 0.985707187200541 0.4260390741471995 0.7291324746509387 0.6410892801763639 0.1687231650518039 0.9770994657860971 0.9320786711561517 0.3487396237754407 0.4233344614938238 0.7805546235076808 0.1719856343900827 0.1449050860457131 0.2138881886032088 0.2860390501983287 0.6480078383968053 0.8668891286665906 0.1383768397722304 0.3253715703058369 0.7446178830581491 0.6958959168818929 0.1651207834991843 0.4357570384243265 0.7482240443286475 0.3845617212559832 0.5183335842905553 0.9716537154244222 0.002816222884807364 0.7087775514320263 0.341766936517136 0.8739798772433673 0.8659027016338868 0.07023180644368818 0.9765161730907126 0.2985820199510335 0.8574189088182127 0.7737608256723095 0.4083592166679816 0.8345788263481239 0.476572744567523 0.5838369538905084 0.1880491470921821 0.03744913945051241 0.3917565138672575 0.02093676273473118 0.7954992503482786 0.1279332412006669 0.2594309697988158 0.5861544229564647 0.3234748817629133 0.5547622595284907 0.7032753123997327 0.2713126241185667 0.5848541852703187 0.05873166559854831 0.7359488376059535 0.292538200166563 0.04752677737859515 0.7506549237350173 0.3757545579749346 0.4496667194857618 0.1542506709824222 0.743182863584899 0.1947132039224807 0.5231510505856179 0.1809407596396197 0.07134742504945826 0.3357557290526088 0.369495022877546 0.2960509222434662 0.45365561153014 0.0793146640222213 0.8887556643797467 0.149642147373324 0.4297349010764949 0.3997895331368529 0.2306864498854332 0.8530186919623418 0.5585916878213211 0.151238313202313 0.2487623133272106 0.1910803238106949 0.8133617945144573 -0.03107103050581246 0.9050890382603637 0.7903277975059505 0.6089277644494738 0.5508068976542047 0.577129455064826 0.2849732949201422 0.2251060856873642 0.5073845688200871 0.3427625462543166 0.00421570427028259 0.7223509805683884 -0.07046241850037634 0.3255269104721961 0.0942066263503237 0.2821555868106004 0.5820274494620185 0.8571230355131509 0.2493065953510353 0.5786268919832144 0.632829363912579 0.2262071237581257 0.2760768629344224 0.8143643632373564 0.231877632583928 0.004865346891473909 0.5359407606194834 -0.1000185401314725 0.2560183495909538 0.4359222523540901 0.1041797487237815 -0.1330212888381083 0.5050724444244286 0.2848277310833675 0.6035173047275812 0.2105914431397231 0.271444805568695 -0.3112061510632396 -0.1663384883339327 0.528170897686796 0.4611418050387255 -0.2337348987140833 0.1604537770603608 0.9360307064016902 0.2766367182933295 0.225878148221984 0.1651191185263069 0.3639976850456612 0.9612949950999724 0.9456966252486098 0.4124335478214609 0.7525778311016285 0.8509096599192132 0.1139661431380765 0.4122267205441294 0.6308824987695242 0.5623563059696529 0.5442033670149199 0.3432447185477264 -0.1027519517762015 0.03135722284668081 0.1540841998204376 0.2295508492042463 0.1683620621587979 0.1783961785201683 0.07583371913152034 0.3459924807587848 0.4395771911663839 0.05154933988989528 -0.1317158650648825 0.560214051238808 0.8220544541579237 0.6185381157120639 0.1769427059898009 0.4843443501372502 0.5343795793905292 0.4150363080260411 0.2315403378491831 0.1055688843431258 0.7562399139303677 0.5640036205320303 0.1854963522372899 0.2976117596830948 -0.1844436358851202 0.5264926547041819 0.03771826249357558 -0.1558643942647863 -0.2355313915154218 -0.4441946889866775 -0.1050794154035556 -0.4789090731174251 -0.5431301601410157 -0.01378521810951179 -0.6176054701142915 -0.1488222766232629 -0.3809994442658369 -0.5570669854741899 0.3875272833585979 -0.3641750406189664 0.1176357967138526 0.156714120143105 0.7269603390357128 0.2459141437723392 0.6700970560783818 0.02238615481820465 0.9035405746669739 0.7680766054422732 0.4282462166996994 0.2332183565736547 0.6795423855104264 0.359298311972703 0.1304009901649172 0.5268921019157469 0.364268270807975 0.1510500859210667 0.08136095069403274 -0.1993127556087221 0.008166462703432902 -0.3072891978672317 -0.3826954935002104 -0.09150553615978137 -0.3742252513808301 -0.528951934696405 0.3142991426138387 -0.6418579560171526 -0.6633359831664443 -0.4493053121263381 0.2568120243649317 0.1380650267356292 0.4776533342501758 0.5803209322705026 0.3243770006450735 0.8676337946233185 0.2119503223283179 0.01068583987325036 0.3681779644464038 0.4390269679699009 0.2893337811641365 -0.3686760639265667 0.2305949691330918 0.6132040271359085 -0.1629400744199988 0.08539175533136172 0.3967901224598594 -0.2811848392856883 -0.6591994674894123 0.182690281333484 0.04590203556120994 0.2530237228291043 -0.4459061463076551 0.310322084216642 -0.3510504622017802 -0.5941430826141509 -0.3576164855436874 -0.4195836724337861 0.1197625792749935 0.4839944474748802 0.4790409017435144 0.05852027073393486 0.4635206304738347 0.154586405105094 0.4148841997235286 0.7477567348172467 0.4324251210218742 -0.1492367887807787 0.1902389442116721 -0.4988916519130228 -0.3381480835941507 0.3298336068168713 -0.150359798281655 -0.0477795122645298 -0.3054101019005105 0.07758975031557629 0.05740949328892937 -0.4459478044539605 -0.4839968305642288 -0.4438265362062337 -0.4898132036310444 -0.002491713110833846 -0.320164697932968 0.1856559699004284 0.1236028641176406 0.08907965759102236 0.4321850584811812 0.04656327059495487 0.8693867203059287 0.9311487448662242 0.9568908312568035 0.3993464506397834 0.34771142253879 0.524040678015127 -0.04078541463285998 0.6944193009530063 0.468387840783851 -0.01792886392151318 -0.3580161105093387 0.0545705535997457 0.116632553528606 0.140830351109766 -0.5089471229559361 -0.1609099933771288 -0.7186416356712837 0.1065979864787435 -0.1908390425606964 0.2273195642897624 0.1901811908804555 -0.5012660344039455 -0.0005579175293695633 -0.04116971155828723 -0.2458752381930017 -0.5396322675794701 0.3034968718338958 0.5314644313770444 0.7708943332234446 0.066859540714338 0.4337280988966163 0.07251786971304117 0.7013078389210143 0.1484473928760061 0.2841172806832071 0.546280787227689 0.2250965641366744 -0.1117379358258586 0.1250206159876015 0.1120043636954699 0.6413543159457038 0.3089751976638146 -0.07043888406438836 0.1517458307770002 -0.2444467517544461 -0.6342441985797572 -0.3735514454970777 -0.09839684168710743 -0.03040899245730241 -0.0775106657075383 0.02073880718145049 -0.2974517418856658 0.1903613028393904 -0.3497431248136563 0.2530190810963693 0.7528799870758649 0.6900273182965161 0.6666149880787069 0.2318569477539488 0.6350235094583196 0.1569824025780812 0.3831197197184315 0.5742411575268209 -0.1790587014222733 -0.3990681636941104 -0.1486118221158209 -0.1781613274684404 0.1523344228370453 -0.00388089205029461 0.2197526301715274 0.2609227616036587 -0.4380226162987503 -0.4978448904111542 -0.4783795746716324 -0.6888593333085705 -0.2469342362194905 -0.02718206350765568 0.1370143059435149 0.2348805159394702 0.367809874774746 -0.2971073041315865 -0.4399857705018931 -0.2707855115436109 0.470951518037626 0.3957038994735539 0.2105201141496995 0.6402073261559137 0.3591997751726347 0.4470666020649846 0.1708507812400064 0.5673887184468823 0.2814269329046581 -0.4213542348901139 -0.7337432995364507 0.1846712685796598 -0.2966701933144953 -0.1696165730731359 0.1799462012182449 0.3337869096409181 -0.06675133860054393 -0.1222757332317902 -0.2004082606190824 