# Created by Octave 4.2.0, Sun Dec 04 11:48:21 2016 GMT <unknown@unknown>
# name: O7
# type: matrix
# rows: 1
# columns: 785
 -1.91773468951649 1 1 1 1 1 1 1 1.000000007511977 1.000000030527547 1.00000000495455 1 1 1 1 1 1 1 1 1 1 1 1 1 1 1 1 1 1 1 1 1 1 1 1 1 1.004594507751241 1.012388300242659 1.025610914337669 0.9944623191447514 0.9932017695025315 0.9318594471038244 0.8651558490754245 0.9355033828369372 0.9968018206365231 0.9994473361295717 0.9998936556613705 0.9999806542443289 1 0.9999491995622078 0.9999062145761418 1 1 1 1 1 1 1 1 1 1 1 0.9962397687293224 0.9396008040490019 0.8854250817090416 0.9652183198807236 1.029842128780694 1.013436934300548 0.8278345513093017 0.8671658432532265 0.8770568433590559 0.8670333962309769 0.9000964596985211 0.922146207576972 0.9230196701546599 0.99598867293611 0.9730645855273466 0.9629200221668177 0.9760033001813337 0.9936119778490611 0.9995535160122245 1 1 1 1 1 1 1 1 0.9995509665866265 0.9913033249326799 0.8545182328167632 0.8008421476591147 0.8874503132852192 1.051035381978356 1.254260543646135 1.188020436247576 0.9985389111438489 0.7336469390014091 0.6067448593380078 0.5274466640215132 0.559985838896405 0.6466753694766556 0.4712878074843821 0.5557794395274664 0.5229042905967977 0.56723479875761 0.6813619824238122 0.927668487332614 0.9217634833870137 1.035226496637697 0.9941613532984054 1 1 1 0.9999260497195906 0.9995153405140502 0.9939915503937977 0.7990149468105747 0.5183451696280839 0.4751896054961067 0.2136410054044321 0.8639957909729749 0.8128871555040788 0.7211436904803746 0.4975337633382222 0.7500338771921727 0.561429428014113 0.311401054007451 0.6531421805087041 0.8146676260531851 0.5075257176523125 -0.08946633971675674 -0.04736572999379566 0.04175697399742253 0.04963504041876073 0.614067386207055 0.7955240561507878 1.331342061106116 0.9345721701471572 1 1 1 0.9999059333064564 0.8828293412722132 0.6869224019686329 0.177162382309596 -0.02247667686763203 0.1059275596439756 0.02070676816674471 0.3807643881571188 0.7660788949883118 0.1054207844823062 -0.5224217682652507 -0.01887761900121488 0.347479514540311 0.1660375881645491 0.06112420735452966 0.2823551005585068 0.03829470213892457 -0.5440173467753648 -0.4333314523872846 -0.3443917382297465 0.00954620906066299 0.3917040401741292 0.866650782174603 0.9956970531115972 0.8643873867158988 1.000314387390344 1 1 0.9995993409190154 0.8191742212979721 0.5498931636175818 -0.1415387360682568 -0.104628706755225 0.004842072294143932 0.1317035730418077 0.1431262969842561 0.0720426034020846 -0.1736070249292742 -0.6066249269128058 -0.1840263302625869 -0.07729803491146547 0.1297016546227093 -0.01378137234051902 0.1386844758214029 -0.6681492353568542 -0.9603399101679598 -0.7164115062126177 -0.8015459428382073 -0.3726217026168507 0.2476477886661773 0.4445168180929752 0.4096593028093277 0.5268090019521618 1.001676126511595 1 0.9979311219583549 0.9915819402051633 0.7491069113387315 0.3406574432757946 -0.05382082081140307 0.3589984283825292 1.170233228134472 0.6674961438185691 0.1992954684811501 -0.1998631332666197 -0.1013944091962425 -0.3185636119610774 -0.4882947282125837 0.08608882205422359 0.01358322207160764 0.2448202279878686 0.1773603805524915 -0.6067855213219112 -0.92592348803096 -0.7422593320645936 -1.002677318210619 -0.3744662975348543 0.1811023914423606 0.1706686436416657 0.3694445879052873 0.4736268932259006 1.009174916775554 1 0.9800386309592364 0.9238316022141883 0.7459890634212806 0.2043511151169177 -0.1516157711859812 0.5014605128950863 0.01420546717031801 0.3397683961820979 0.6067473833815672 -0.05225637991867012 0.5012010085401662 -0.03653393895804163 -0.7354582248189596 0.1977301857171994 -0.4039519812935212 0.2471119158293061 -0.05055750797283028 -0.6817640473708395 -0.9139464706777102 -0.6851067669761236 -0.4908017140684869 -0.06652375271924478 0.1607576381153639 0.1230081170834078 0.09674285079378701 0.7181408088565211 1.007051105394308 1 0.9596059660314138 0.7825906428378803 0.6245813070014993 -0.03256208427450658 -0.1591120384797796 0.4318209591699723 -0.2611799133201241 0.3868761958472288 0.06042138376406784 -0.2233745312746886 0.144430632319055 -0.5072372240632455 -0.4465696963601987 0.1634204251665259 -0.3856459863299958 -0.4010648172007155 -0.4639674238607502 -1.118438722118367 -0.7203717170156212 -0.3874830653030327 0.2642318193308638 -0.3549655087786081 -0.0723624733105297 0.1246518657177739 0.4578851365055522 0.6986051137489736 1.001658675825124 1 0.971437016104134 0.7469101793823656 0.4836804419205829 -0.09284447869542954 -0.2988571279239266 0.4304761615275252 0.1016689194416266 -0.02573587190328653 -0.1256406815341019 -0.1903206398633767 0.276405848875585 -0.4860300524587112 -0.1210580362512863 0.04464163696808478 -0.4374814083839599 -0.219393984109691 -0.7083762622867023 -0.4858820406315483 0.2164111466479767 -0.001863377612424697 -0.4707641536259742 -0.4471810125677063 0.04665446354638016 0.03941017386016972 0.1836753023269808 0.608119093818685 1.003618231577164 1 0.9726109139137069 0.8273615063568137 0.4761304364334448 -0.02876762120220476 -0.3667769872217385 0.1189909432670681 0.3872967831379497 0.3088882680838213 0.1749968137250828 0.4614085567175632 -0.04665155699954535 -0.1876096306249279 -0.3863373638133041 -0.2856690620568914 -0.9433919524847283 -0.6051417720252699 -0.3252547753120504 -0.03035168197066321 -0.07526482088513858 -0.2799090899502666 0.3350670383039381 -0.2330766977675625 -0.2292637376723448 0.1485957228719623 0.4740585214701791 0.3114928794133126 1.007183577630038 1 0.9572113059050007 0.8144239289068017 0.5164275754768189 -0.0506184682737749 -0.5075822291222339 0.2383150537606067 0.3263780388174277 0.2936964576319436 0.1869483754537188 -0.05143890599154132 -0.01521337515490842 -0.6062146568790061 -1.137733174479042 -0.935352180153056 -0.3291489251414332 -0.3129762219109644 -0.06381734047908443 0.4531759877864662 0.5980574158594669 -0.1007684429241606 -0.3279385030696252 -0.01981221960368666 0.187084997576179 -0.2284392882348542 0.4139359371824484 0.07034309529525 0.939111185579793 1 0.9925613288449703 0.8175763509049512 0.4828663150892171 -0.2122147159014049 -0.4399960644871201 -0.003150799595721085 -0.2468341440341992 0.1714654167569828 -0.5829174043417913 1.199503666994889 0.4553912381631753 -1.07666338312746 -1.303844047156266 -0.623536196443271 -0.6514659966085077 -0.4533974359046417 -0.3433981884208426 -0.08820356385072034 -0.6054296272489489 -0.3372738485958368 -0.07218831945331944 0.002527644239402954 -0.01766929130939121 -0.1923729544600013 0.1914780095914152 0.2945667205305197 0.9323212702595246 1 0.993342697066795 0.7789312402582127 0.3233202624608235 -0.1404454711095557 -0.1242004918420339 0.1688933384370518 -0.4934638707926769 0.2234718575197183 0.1322447182539316 0.2725415646385453 0.3029405482782682 -0.5899799863462931 -0.7192127108801849 -0.1668587536922136 -0.2682856261141568 -0.2733462103647283 0.2499766915760504 0.432599842053529 -0.2625500738538479 -0.1094310138643857 -0.1413189189187233 -0.4196930749268313 -0.6084479264161974 0.4077309685728465 0.8733535191307615 0.194167142535908 0.8314648881853116 1 0.9799664074560422 0.7723407608534615 0.3063449653145201 -0.28878551592173 -0.3006059140634205 -0.07352078701578382 0.02900188695680284 0.4481369310301924 -0.02804880526971824 0.4812004927977294 0.9746066247397653 0.337467941398225 -0.2614999554709625 -0.3887108019126643 -0.2941838063576511 0.4786352920915045 0.4602717525476557 -0.2905481925506849 -0.1860982783828195 0.05535896893082658 -0.5362545631136387 0.0957015380469801 -0.1681314509326571 0.5880537323558455 0.1607448905267351 0.3931845956404615 0.9753844419842106 1 0.9819016432762461 0.7962160314831265 0.3158136400155903 -0.3117689431687687 -0.8391684045176352 0.4279690864562564 -0.2166689870086959 -0.0303566031293399 0.7571823411394755 0.5580448597314377 0.3513216136893054 0.314207655299853 -0.1666055190667332 0.09265494934580415 -0.2945520435980558 -0.07208760748536774 0.09314654323491232 -0.417577580113397 -0.243791342373546 