# Created by Octave 4.2.0, Sun Dec 04 10:17:05 2016 GMT <unknown@unknown>
# name: Moto
# type: matrix
# rows: 1
# columns: 785
 1 0 0 0 0 0 0 0 0 0 0 0 0 0 0 0 0 0 0 0 0 0 0 0 0 0 0 0 0 0 0 0 0 0 0 0 0 0 0 0 0 0 0 0 0.00392156862745098 0 0 0 0 0 0 0 0 0 0 0.00392156862745098 0 0 0 0 0 0 0 0 0 0 0 0 0 0 0 0 0 0 0 0 0 0 0 0 0.00392156862745098 0 0 0 0 0 0 0 0 0 0 0 0 0 0 0 0 0 0 0 0 0.00392156862745098 0 0 0 0 0 0 0 0 0 0 0 0 0 0 0 0.00392156862745098 0 0 0 0 0 0 0.00392156862745098 0 0 0 0 0 0 0.03529411764705882 0.04313725490196078 0.01176470588235294 0 0 0 0 0 0 0 0 0 0 0 0 0 0 0 0 0 0 0 0 0 0 0 0.3803921568627451 0.9176470588235294 0.9764705882352941 0.9764705882352941 0.9803921568627451 0.8 0.2156862745098039 0 0 0 0 0 0 0 0 0 0.4862745098039216 0.8274509803921568 0.9450980392156862 0.9803921568627451 0.9411764705882353 0.8156862745098039 0.2705882352941176 0 0 0 0.09803921568627451 0.8666666666666667 1 1 1 1 1 1 1 0.8274509803921568 0.09803921568627451 0.00392156862745098 0 0 0 0 0.07450980392156863 0.8392156862745098 1 1 1 1 1 1 1 0.4 0 0.05098039215686274 0.9372549019607843 1 1 1 1 1 1 1 1 0.996078431372549 0.9490196078431372 0.09019607843137255 0 0 0 0.01568627450980392 0.9098039215686274 1 1 1 1 1 1 1 1 1 0.1254901960784314 0.7372549019607844 1 1 0.9882352941176471 0.8470588235294118 0.4901960784313725 0.4156862745098039 0.615686274509804 0.9450980392156862 1 1 0.996078431372549 0.8901960784313725 0.01568627450980392 0 0 0.5098039215686274 1 1 0.996078431372549 0.8274509803921568 0.2470588235294118 0.1137254901960784 0.2666666666666667 0.8784313725490196 1 1 0.9490196078431372 0.9882352941176471 1 0.9921568627450981 0.1490196078431373 0 0 0 0 0.01176470588235294 0.3803921568627451 1 1 1 0.3058823529411765 0 0.04313725490196078 1 1 1 0.5764705882352941 0 0 0 0 0 0.6196078431372549 1 1 1 0.996078431372549 0.1490196078431373 0 0 0 0 0 0 0 0.6235294117647059 1 1 0.9254901960784314 0 0.2274509803921569 1 1 0.8823529411764706 0 0 0 0 0 0 0 1 1 1 0.7372549019607844 0 0 0 0 0 0 0 0 0 1 1 1 0.09803921568627451 0.3411764705882353 1 1 0.5529411764705883 0 0.00392156862745098 0 0 0 0 0 0.6078431372549019 1 0.996078431372549 0.4549019607843137 0 0 0 0 0 0 0 0 0 0.7529411764705882 1 1 0.196078431372549 0.407843137254902 1 1 0.4392156862745098 0 0 0 0 0 0 0 0.4196078431372549 1 1 0.3058823529411765 0 0 0 0 0.00392156862745098 0 0 0 0 0.6549019607843137 1 1 0.2352941176470588 0.392156862745098 1 0.996078431372549 0.4901960784313725 0 0 0 0 0 0 0 0.5019607843137255 1 1 0.3607843137254902 0.00392156862745098 0 0 0 0 0 0 0 0 0.7098039215686275 1 1 0.2156862745098039 0.2784313725490196 1 1 0.7058823529411765 0 0 0 0 0 0 0 0.8431372549019608 1 1 0.6039215686274509 0 0 0 0 0 0 0 0 0.00392156862745098 0.8941176470588236 1 1 0.1490196078431373 0.1333333333333333 1 1 1 0.1568627450980392 0.00392156862745098 0 0 0 0 0.2745098039215687 1 0.996078431372549 1 0.8862745098039215 0 0 0 0 0 0 0 0 0.2745098039215687 1 1 1 0.01176470588235294 0 0.8392156862745098 1 1 0.9647058823529412 0.3568627450980392 0 0 0 0.3803921568627451 0.9607843137254902 0.996078431372549 1 1 1 0.6313725490196078 0 0 0 0.00392156862745098 0 0 0.02745098039215686 0.9294117647058824 0.996078431372549 1 0.6196078431372549 0.00392156862745098 0 0.09411764705882353 0.9921568627450981 1 1 1 1 0.9450980392156862 1 1 0.996078431372549 1 0.5098039215686274 0.8862745098039215 1 1 0.6941176470588235 0.1686274509803922 0.05490196078431372 0.03529411764705882 0.09019607843137255 0.2941176470588235 0.996078431372549 1 1 0.9803921568627451 0.04313725490196078 0 0 0 0.4313725490196079 1 0.996078431372549 0.996078431372549 1 1 1 1 1 0.8549019607843137 0.01176470588235294 0.3372549019607843 1 1 0.996078431372549 1 1 1 1 1 1 1 1 0.5176470588235295 0 0 0 0 0 0.2196078431372549 0.9215686274509803 1 1 1 1 1 0.7098039215686275 0.02745098039215686 0 0 0.4509803921568628 1 1 1 1 1 1 1 1 1 0.5176470588235295 0 0 0 0 0 0 0 0 0.2431372549019608 0.4588235294117647 0.5294117647058824 0.4588235294117647 0.207843137254902 0 0 0 0 0 0.3529411764705883 0.8745098039215686 1 1 1 1 1 0.788235294117647 0.2823529411764706 0 0 0 0 0 0 0 0 0 0 0 0 0 0 0 0 0 0 0 0 0 0.1333333333333333 0.4156862745098039 0.4745098039215686 0.3372549019607843 0.03529411764705882 0 0 0 0 0 0 0 0 0 0.00392156862745098 0 0 0 0 0 0 0 0 0 0 0 0 0 0 0 0 0 0 0 0 0 0 0 0 0 0 0 0 0 0 0 0 0 0 0 0 0 0 0 0 0 0 0 0 0 0 0 0 0 0 0 0 0 0 0 0 0 0 0 0 0 0 0 0 0 0 0 0 0 0 0 0 0 0 0 0 0 0 0 0 0 0 0 0 0 0 0 0 0 0 0 0 0 0 0 0 0 0 0 0 0 0 0 0 0 0 0 0 0 0 0 0 0 0 0 0 0 0 0 0 0 0 0 0 0 0 0 0 0 0 0 0 0 0 0 0


