# Created by Octave 4.0.0, Fri Dec 30 19:17:53 2016 IST <chotumotu11@Linux-X555LJ>
# name: O8
# type: matrix
# rows: 1
# columns: 785
 -1.639221051756888 0.559871011629261 0.02308441943766308 0.6083459885825145 0.7709007917685361 0.03503759858537396 0.3884677771794119 0.1513481800089068 0.2413472496476729 0.4728380965667012 0.3042460727508384 0.5888250571293986 0.8584101943199435 0.1537565804149728 0.4902653284363258 0.9049176227783606 0.6295279211647596 0.3943953003444824 0.8242860431357079 0.4618539154608257 0.04636981848529702 0.1771658139312655 0.9719377152418434 0.0266128300199579 0.6947603210170702 0.8009568502040182 0.1120778122792236 0.9998766405506981 0.5544948210113547 0.8932243016998408 0.5702358325760728 0.3604116485015172 0.363762499765294 0.6748007713595077 0.7553630023493795 0.3345274313043305 0.6695062638759749 0.6338040034103077 0.8051315292868587 0.5767386384032263 0.164005485363463 0.1552331699695154 0.3787969590572544 0.1228785121447294 0.5359372662643133 0.1563823789167109 0.5220409272571801 0.6594545911741096 0.9848030074296716 0.9137316840256355 0.7376916265455781 0.432919560982318 0.07866036742236175 0.769753401240274 0.268879731230276 0.5798754033216733 0.3594464027 0.8522192261777822 0.7691697640203251 0.6166982863379376 0.2290612607331726 0.1511336626073703 0.5297597260712543 0.9633142110115205 0.1290340437901982 0.6547146193774336 0.583844851280203 0.5793985230841285 0.388252150143208 0.4447631978219331 0.9671943981762208 0.002555956686230782 0.5397349960130181 0.7851013757504258 0.1542165419682314 0.3675670053762454 0.8497333211875342 0.2584403134544139 0.586505237748377 0.4192275512314642 0.3808466270614866 0.04134060499715173 0.5067707643735951 0.5752154752527836 0.9931813381497021 0.7875104979953701 0.227746693671817 0.2437186382061403 0.2031650279585214 0.5115983312886268 0.349302413304003 0.2652256491380353 0.7680067100487612 0.7849517606780215 0.172932420615156 0.1063506991065519 0.1108448420267118 0.02624065737204408 0.1181331944214153 0.2152763943716154 0.4668583159883785 0.3602592164653636 0.8130354871380231 -0.02536802348815474 0.7928934950522745 0.2242400298549261 0.2907683083553747 0.5963138909484172 0.9127519290500113 0.0001112432304041105 0.2257258012200473 0.07650450758765413 0.2688776279665827 0.9518406274378631 0.4877415084107746 0.2342691428890524 0.3675950818690451 0.9690330955086504 0.04434492653238579 0.4491965538602672 0.8155419330362345 0.2210880082366388 0.5593918682756758 0.4586901811049212 0.5494572369350712 0.3960874633641416 0.5969261793878171 0.4811395063826391 0.8864742204287918 0.5877195876975038 0.3299703941911745 0.4581846432162731 0.3878251173850972 0.2362119528401053 0.645800557942231 0.7302958193796775 0.5249798213536636 0.7417179841055113 0.122095797683983 0.7464783027205286 0.4435175303456935 0.6317914911552495 0.9666040713411531 0.5381036201557776 0.4537622694721244 0.08444096943739376 0.7527621444610204 0.4596622204111284 0.7627957749815932 0.07232614277952863 0.3767516061726538 0.01983779762735521 0.3386849045904817 0.4259353018482995 -0.02528538280702777 0.5846535574292446 0.6039838061343196 -0.3406089857685698 0.3499089422300852 0.3600044765068442 0.4960711955560499 0.3212848156778803 0.2899840078024699 0.3525120124735014 0.4687726654228941 0.2250965714473987 0.9560550461199281 0.7206855391482918 0.2583127022739781 0.01817769884333569 0.3874660627216144 0.09748703826657955 0.7262321257947989 0.03352189096298092 0.2098264237592081 0.6417720243784065 0.2579736608941027 -0.08064985480242405 0.3850776547092732 -0.04911431852467684 -0.3157797121505659 -0.1924458444074432 -0.1652177489591204 -0.495856865069905 -0.4673408108636946 0.3732914618767654 0.2555211270405082 0.1514227804731176 -0.4517467084807137 -0.3742551013558771 -0.4843679981343571 -0.352823815986616 0.381526299645377 0.0738073872667127 0.5384770212268754 0.7737562241778217 0.1437231409569488 0.1530428782211236 0.4076881443049059 0.1589182937919432 0.374380295092579 0.2632234909266789 0.3430070406467304 0.3032892622892348 0.1225803969220758 0.0667821367993896 0.006118206788693054 0.389613359748373 0.1232254050590194 -0.04405117363571235 -0.2587526424778801 -0.2324110753096947 -0.6261823984619678 -0.6284131825828639 0.1175456723582323 -0.08970929217877995 0.0006533525282510079 -0.4615322288763009 -0.4415372306658867 0.4489054516496618 -0.02921479009950544 0.5016475331144723 -0.01059493325625722 0.06093063818678213 0.8535985482888369 0.9900023483010058 0.6975833781517186 0.4255367505221492 0.848250653464639 0.24262194019252 -0.08073315792407168 -0.2673065318256604 -0.4838442967739064 0.3079609041794473 0.3970275165195414 -0.02305020617776807 -0.4822111996413368 5.127534968588397e-05 -0.2826671129233115 -0.2662461774192161 0.01421480561961834 -0.4444370538376631 -0.002087542484321768 0.1667718108639461 0.3380056552920536 -0.2055613631118487 0.2578273656064617 -0.5865999807868497 0.2828659949504782 0.5859453103600223 0.4186089717302346 0.4253164313129781 0.7304364628868726 0.4274961912093834 0.5913249039414437 0.6878086070442149 0.4058544310912503 0.06847145178950956 0.1261556385145976 0.1983390818918471 -0.2076421004021363 -0.3398068563079585 -0.3559284565758222 0.5262465882743175 0.1775980967520212 -0.2189235588196502 -0.6359528552603158 -0.1514546606076713 0.1560511078022342 -0.01898865675882366 -0.4171226908954522 0.2456506507215637 -0.216133179748406 0.261477996133066 0.1850762326049061 -0.08978035021766145 0.4339537666510973 0.7165511254938958 0.2468927619078868 0.484236720141487 0.3382100152594293 0.5432660497951344 0.6815323713616515 0.1673030912496524 0.3715258403825293 0.5571045181402724 -0.1269616974531782 -0.5521855920589009 0.190243247462389 -0.3049375730970621 0.3860647299494989 0.03224960481516979 0.2929840929376257 -0.1704105557530769 -0.5227576292359205 -0.3920958481246776 -0.3102012090378814 0.2705498498332286 0.07095532391537659 0.723082806547564 0.08252930477041617 0.2504488450382348 0.1631133952017718 0.2096258001725151 0.322858739022749 0.2968049820254481 0.3578126980509128 0.4439735709209748 0.7407644836689176 0.3777423146430172 0.7121075019469829 0.2199244533166174 0.1105411669929736 -0.06910151694006157 0.1324423817082198 0.2829501245379162 -0.01789711858623287 0.4406343682306896 -0.08249208608486316 0.4121700003033652 -0.2055213906127688 0.3712385648181221 0.3189005678345698 0.4803743525851921 -0.03342255811194636 0.09697316921688343 0.4676082904291278 -0.1326240662761787 -0.1331345319989098 -0.4712655652437768 0.05738078893720933 -0.04259433126378289 0.4259626969280457 0.0518366155415219 0.3915045453659673 0.6423733216455445 0.1229646155189992 0.2549936240742774 0.4067649646374688 0.01739409038385292 0.1724167854422976 0.3020759692647401 0.157613978562413 0.3109952594641135 0.04973944049738392 -0.2342936762333033 -0.2341392225230995 0.201794277682324 0.1419849849131416 0.5698348819312518 0.3209944770849429 0.5453419288994426 0.7072279412892669 -0.1713591467703254 0.0482921510018964 0.1858188003152048 0.2832661087791196 -0.04948967262216866 -0.07635590064776071 0.05802853797482003 -0.1373394425144658 0.563015122497487 0.8091894419929107 0.139873292115327 0.1480026835710903 0.5798028677943188 0.1784149291065562 0.2337693552581709 0.1932609412241458 0.3886854192560456 -0.1593252745635601 0.2716673011575364 -0.3373701240314319 -0.3271494041891277 -0.4776065793185447 0.4009849055498742 0.05853831503561182 -0.04406617772934443 -0.1770542296589314 0.6477475179462526 -0.1445061825202794 0.02866095736169768 0.5189099817699174 0.2716858748348402 -0.5121755843947702 0.03404839721104434 -0.5179991752527253 -0.3184075752773086 -0.1612276211444518 0.3843654959293156 0.02973630351705433 0.06944516214040075 0.1039150167380792 0.1763246595042837 0.1379472844438229 0.6528407811636611 0.4993996387576946 -0.3127437533179765 0.3995592723454841 0.1256813737740584 -0.1979422729532432 -0.00010488624562999 -0.5304586648339413 -0.2027732067159822 0.24120292570672 0.2526883773252676 0.0315253314921979 -0.04491001075415162 