# Created by Octave 4.2.0, Sun Dec 04 13:35:48 2016 GMT <unknown@unknown>
# name: O
# type: matrix
# rows: 1
# columns: 785
 -3.797738065367416 1 1 1 1 1 1 1 0.9994269197244745 0.9976710993058729 0.9996220108820997 1 1 1 1 1 1 1 1 1 1 1 1 1 1 1 1 1 1 1 1 1 1 1 1 1 0.996558656122839 0.9924077816177641 0.9768658635456638 0.9400460376773397 0.9790581123748108 0.9766221500738147 0.9750359972471366 0.9888484366534921 0.9994470299166954 0.9998931682511185 0.9999191889395144 0.99998098465154 1 0.9999467392319799 0.9999016724282787 1 1 1 1 1 1 1 1 1 1 1 1.001706752843496 0.8912176006004021 0.9094884587476991 0.9738216223685018 0.9309962347492611 0.9065256883937941 0.9190704495151168 0.9419459958122925 0.9419202880231665 0.9732858653632954 0.9825632687487105 0.9966362571403057 0.9963934823380608 0.9944462292136593 0.9522274407819257 0.8612368359094328 0.7855861837763416 0.9426361859845578 0.9981048553666578 1 1 1 1 1 1 1 1 0.9949068762066599 0.9961248683816112 0.797514540492323 0.7498361016078468 0.8215354925473 0.8507105563074057 0.8451832075315256 0.8014235969830505 0.8810461283143285 0.9173186895062381 0.938384770654482 0.9363229187638065 0.9485977700458329 0.9310730471810132 0.8165524929525686 0.5128426608610498 0.5782224238240773 0.8885050794956889 0.8215926652613599 0.9770304774697408 0.9928888938686007 0.9924363209069803 0.9991219174612332 1 1 1 0.9999263373154873 0.9997996631639201 0.9899530126787758 0.970651070754914 0.546985364834542 0.2587935846217727 0.2380738515803632 0.3140143827712966 0.5742792083468162 0.5940524839091452 0.7241575035917817 0.7965407405746154 0.7983374733892152 0.7892366952997104 0.7954896083471099 0.7544364245955956 0.4872559416713026 0.1825491616864366 0.1525102519024301 0.643948613693725 0.9407891411457573 0.9257230904408404 0.9229071020435619 0.936788759019732 0.9713463651513851 1 1 1 0.9999020093955883 0.9924321982206814 0.9130104160376304 0.7340426189555539 0.2148070368783457 -0.2404842718119807 -0.3004057110825497 -0.1026214728772388 0.2521635907970599 0.1853726482795088 0.2939240262366082 0.4198484151338003 0.450002560192666 0.311019926694258 0.2948107591844512 0.2386493154611015 -0.1388528944241271 -0.3682598427553582 -0.404796776412126 0.07852219100134085 0.3302049353692457 0.3995902198997118 0.5632726990091369 0.7951234330816525 0.893104708970098 0.9997443443684101 1 1 0.9995810103035498 0.9601755387936524 0.7663843172331147 0.4575074546500591 -0.1272050765228775 -0.8216732027157045 -0.6655676793402361 -0.4698628661095021 -0.03702107900640011 -0.03627035595817965 0.1916695377023655 0.2337151916256035 -0.03840545891782408 -0.2526393020524454 -0.245418608289939 -0.2463558215025815 -0.7264383942521024 -0.9743067172339138 -0.6044824986108704 0.06584155212167471 0.1105118867512107 0.2880289295456114 0.4767988813940309 0.6060938706989273 0.8527339494962668 0.9993549509206209 1 0.9988621110438253 0.9962435666660184 0.8946678042731927 0.4749010671267571 0.07613941100263302 -0.5685413127947577 -0.5776021457994356 -0.6308518298669339 -0.2860730401156541 -0.4174423438381347 -0.2367219316890775 0.1587826402719461 -0.144224384678338 -0.5032306700573946 -0.5864032286010196 -0.5721171348214117 -0.473462147017665 -0.4967062072140885 -1.098029445427873 -0.4897919162807987 0.5106039352019842 0.4485087847680058 0.1286518808742428 -0.09996772726256732 0.4777926898630032 0.8715814985891597 0.9979426786972909 1 0.9962612627811522 0.8339758550749642 0.5224648409093506 0.2533267581591399 -0.6087718425046923 -0.6807469387794268 -0.5835315331051717 -0.2123007338441882 -0.2252707677778852 -0.3732646863018741 -0.3765244939496358 -0.1201438267620271 -0.02469533114772569 -0.2541493415463728 -0.2350062879308844 -0.4428246949727639 -0.3027622161968928 -0.6802667538411067 -0.8451532231682986 -0.07521560172011954 0.3546748611361354 -0.03136263058154001 -0.1500261393171176 -0.7292131272776536 0.3192476991592558 0.754815614745722 0.9967561306181472 1 0.9004824669739352 0.6737682423616888 0.1094524538462087 -0.2377738936139415 -0.3653566963077875 -0.01961900061593427 -0.2924923466016111 -0.5233878131065679 -0.2406331395527646 -0.2492642995851931 -0.3372381979183875 -0.1786898532560592 -0.5218790908745239 -0.1228385656906853 -0.2976073797784342 -0.2141677765822621 -0.5706382614079739 -0.5633794791892619 -0.4775952849526732 -0.01392036358254524 -0.07050206170260542 -0.01171510621798097 0.05933797223354048 -0.1551803563443755 0.05222095257890636 0.6568487475542818 0.9971396475616829 1 0.8193861034854611 0.6413294301829855 -0.1300342630452973 -0.2051510255628296 -0.5984824561516304 -0.1036800372020154 -0.4230140083811686 -0.2306498218120646 -0.08561642723140958 -0.4172254162203877 -0.338303367985527 -0.7320553289993361 -0.9223182645128376 -0.7173910278027523 -0.5639064276078666 -0.2729910057472088 -0.2285982173240169 -0.2994719396314558 0.0882634348143063 0.3239601400373357 0.3227066812847947 -0.4007924590112958 0.004879680779896878 -0.07321274912163796 -0.3924287682445455 0.5619735941391643 0.9938375866436853 1 0.741526784169157 0.5899574665411333 -0.2741386000991025 -0.4414334458151231 -0.6047579924605836 -0.3055956289912486 -0.4085012788640632 -0.09394561745727539 -0.1116827621149071 0.2876418331120655 0.2313673687205645 -0.06828815051174621 -0.6238585276975941 -0.6590943018355423 -0.01837867710979886 0.01675644545241106 -0.3764359950939904 -0.3190646096102914 -0.3199899526184823 0.1565735096611358 -0.08597872138551216 -0.4254406815524607 -0.3003808704771798 -0.1769673195423773 -0.3870337174581527 0.4116028178339321 0.9911242284963098 1 0.7348511569832021 0.5003322690857724 -0.04318391319800516 -0.1666131288614763 -0.3192824240342622 -0.6032268437806388 -0.5332078459743463 -0.6179200569479253 -0.1479824811883607 0.3738388797231424 0.01056248644841608 -0.5755391099232667 -0.5909629808817446 -0.1451287759826647 -0.03457142998700338 0.1749760182472621 -0.1434662057192144 0.1465887275301435 -0.1694844122241807 0.2331447015570243 -0.4860032582157675 -0.5276285948624623 -0.01236242815641806 -0.1373950641608838 0.01074485784723725 0.2955758226964255 0.9820527793878103 1 0.8670939852997097 0.4103146681333688 -0.1273021679350548 -0.1579630833105077 -0.1907227073744333 -0.3575254378606674 -0.3873154349396778 -0.1468752001097868 -0.1734926810304792 -0.08383432399776826 0.3519936739293818 0.6858552410161488 0.4497296409160041 0.3606745301220793 0.646967270043835 0.07519967515017015 0.4260926135846268 0.6649589773820245 0.2529056991256717 0.208338263683896 -0.1263549844487223 -0.190968646000421 -0.03369280075442797 -0.259274925636152 -0.05529424294938523 0.5591443447251639 0.9762146027160243 1 0.9767777994399904 0.3497660657403364 0.1203986663017359 -0.3141679402778753 0.2066862975601755 -0.4661691031930918 -0.08373458473614315 0.03780472786471432 -0.0951403987403226 0.7920481938839492 0.8945734420679067 1.310453611305537 1.180739502626939 0.7418924514467657 1.082305209197615 0.9862268539615056 0.4977983525470514 0.09846692023499638 -0.3568106974481131 -0.447149631214382 -0.1946561113478701 0.3386561212939291 -0.5346385303736523 -0.01823197713559731 -0.04993054048785499 0.5111896378501419 0.959259849961705 1 0.9971861229715331 0.556571694298071 0.2975707620467888 0.3573617210003562 0.5011402612680877 -0.1711690079016872 -0.4759061185633887 -0.3887034286957102 -0.1653493110030428 0.5569852446782292 0.9899570498860045 1.252194973605117 0.3667508388975885 -0.1329164499633665 0.6110972178189226 0.05782406556649077 -0.2957615263823238 0.1048959477116616 0.4718735191545403 -0.3535885645098908 0.7046667682507142 0.02562566928818573 0.1947962414018494 -0.2452327872997014 0.09576471784363684 0.5904257003510232 0.9472502307811148 1 0.9729939006050359 0.7500598962212016 0.1098367701164634 -0.5229902862634298 -0.2075092224899309 -0.5677545127626563 -0.6992623626066876 -0.3348090291103708 0.3043543620203124 0.3262688735718385 0.1465821557985522 0.2063957424316968 0.2957158574342078 0.4177463378625837 0.4606369807495679 -0.02904053588739186 -0.6546972043768616 